5
5
8
10
12
14
17
20
20
28
28
31
31
35
36
37
41
42
49
63
65
66
66
66
68
68
72
86
91
91
91
96
103
103
105
119
120
120
123
130
132
133
142
150
164
170
173
175
186
191
192
192
197
199
200
201
203
205
207
207
214
214
216
217
222
222
223
233
240
248
249
260
262
265
268
272
278
291
295
315
322
323
324
326
331
339
340
342
344
346
346
347
350
354
362
364
370
373
383
390
392
394
400
402
402
410
412
417
419
419
422
422
423
437
438
442
444
452
454
460
460
462
463
466
472
477
479
479
496
509
512
517
517
532
535
539
541
542
543
545
550
557
566
572
578
591
600
601
612
617
617
618
622
622
635
651
658
659
660
666
677
681
685
687
689
694
694
697
698
699
701
703
710
711
718
728
729
731
739
739
741
742
742
747
754
760
764
772
775
776
778
778
786
789
796
797
802
807
812
816
820
821
823
828
829
831
833
835
840
843
844
850
851
852
862
862
863
865
867
871
871
874
877
891
895
899
900
901
907
912
924
929
934
941
947
948
949
966
979
980
988
996
997
1009
1016
1017
1020
1035
1038
1055
1056
1065
1068
1073
1078
1080
1081
1082
1083
1085
1090
1090
1095
1099
1101
1110
1111
1111
1112
1126
1126
1127
1133
1150
1158
1161
1167
1171
1176
1181
1185
1186
1190
1207
1208
1213
1215
1217
1218
1219
1219
1219
1221
1222
1223
1228
1233
1236
1240
1243
1249
1250
1252
1253
1254
1255
1256
1261
1266
1273
1275
1286
1291
1292
1304
1309
1309
1311
1311
1312
1312
1317
1321
1321
1327
1331
1340
1341
1352
1352
1360
1364
1369
1371
1381
1382
1383
1383
1396
1398
1403
1404
1406
1410
1418
1423
1427
1428
1439
1439
1442
1444
1450
1452
1454
1456
1465
1467
1476
1480
1480
1484
1488
1494
1501
1501
1501
1505
1505
1506
1508
1509
1513
1517
1522
1528
1529
1537
1550
1553
1554
1555
1557
1569
1571
1572
1576
1581
1583
1596
1606
1609
1609
1612
1614
1622
1624
1624
1628
1634
1635
1641
1643
1645
1653
1653
1661
1662
1662
1664
1666
1670
1679
1681
1684
1697
1697
1700
1711
1712
1716
1720
1727
1732
1732
1734
1738
1742
1751
1766
1775
1777
1790
1797
1799
1799
1802
1809
1813
1821
1828
1828
1829
1835
1839
1842
1843
1847
1847
1848
1850
1856
1857
1871
1872
1877
1883
1889
1895
1896
1899
1908
1909
1910
1914
1920
1920
1921
1928
1936
1946
1948
1950
1953
1959
1963
1976
1978
1979
1988
1993
1993
1995
2000
2003
2006
2007
2010
2015
2017
2022
2023
2026
2042
2051
2053
2054
2054
2057
2059
2062
2069
2069
2070
2071
2074
2074
2074
2076
2079
2087
2090
2092
2094
2094
2104
2105
2108
2110
2111
2114
2117
2118
2121
2122
2123
2131
2132
2135
2140
2142
2144
2145
2148
2155
2157
2165
2168
2170
2190
2199
2207
2212
2214
2220
2231
2237
2247
2247
2253
2255
2262
2272
2273
2280
2281
2286
2291
2304
2306
2315
2317
2318
2319
2322
2329
2341
2346
2348
2349
2351
2358
2367
2375
2375
2380
2383
2384
2385
2392
2398
2399
2399
2400
2402
2422
2432
2432
2437
2446
2453
2461
2465
2466
2472
2477
2486
2488
2491
2492
2502
2505
2505
2518
2519
2523
2525
2525
2526
2526
2533
2533
2533
2534
2539
2539
2544
2546
2550
2552
2554
2559
2575
2583
2584
2586
2596
2600
2606
2608
2608
2609
2621
2621
2622
2623
2631
2631
2638
2643
2649
2656
2661
2667
2670
2671
2673
2675
2683
2684
2687
2693
2694
2701
2707
2712
2714
2715
2716
2723
2728
2732
2733
2733
2739
2741
2746
2750
2752
2754
2755
2756
2757
2760
2763
2767
2770
2770
2771
2772
2777
2777
2778
2779
2792
2798
2803
2808
2811
2814
2815
2819
2824
2825
2825
2825
2826
2831
2834
2834
2839
2840
2840
2840
2841
2846
2854
2855
2859
2861
2862
2863
2866
2873
2903
2905
2909
2909
2920
2925
2925
2929
2934
2939
2952
2952
2952
2953
2953
2957
2957
2973
2974
2977
2979
2980
2981
2984
2987
2999
3000
3012
3012
3014
3017
3029
3030
3030
3031
3033
3039
3040
3050
3051
3054
3054
3056
3059
3061
3063
3067
3070
3076
3086
3087
3089
3090
3092
3101
3107
3132
3135
3141
3148
3150
3150
3151
3159
3160
3163
3165
3166
3186
3189
3200
3203
3204
3204
3207
3211
3218
3221
3226
3230
3233
3235
3242
3243
3245
3247
3248
3250
3252
3254
3257
3259
3273
3274
3277
3281
3286
3286
3304
3305
3306
3307
3311
3315
3320
3328
3328
3335
3337
3345
3350
3354
3355
3359
3371
3373
3374
3378
3382
3395
3395
3395
3404
3404
3404
3416
3420
3420
3441
3443
3445
3450
3450
3457
3459
3462
3469
3474
3478
3483
3487
3488
3499
3501
3503
3509
3510
3511
3520
3520
3524
3526
3550
3551
3570
3570
3572
3574
3577
3579
3579
3580
3581
3583
3586
3586
3586
3591
3594
3595
3596
3600
3601
3602
3604
3606
3608
3610
3611
3627
3629
3630
3630
3630
3642
3647
3650
3651
3653
3654
3654
3655
3660
3667
3669
3680
3689
3690
3694
3699
3701
3702
3705
3712
3714
3715
3718
3727
3732
3735
3735
3736
3741
3756
3762
3773
3779
3788
3795
3797
3798
3804
3806
3810
3815
3817
3819
3822
3824
3827
3829
3831
3836
3840
3841
3842
3857
3858
3865
3866
3882
3885
3889
3892
3902
3905
3909
3913
3917
3923
3924
3932
3939
3946
3953
3958
3959
3966
3966
3967
3973
3975
3980
3984
3988
3989
3991
3992
3999
4003
4003
4014
4019
4022
4025
4030
4032
4037
4041
4041
4046
4047
4048
4052
4054
4059
4059
4063
4065
4069
4072
4083
4089
4092
4092
4094
4101
4106
4108
4109
4117
4121
4126
4130
4133
4137
4138
4139
4140
4142
4148
4150
4154
4156
4159
4162
4168
4171
4172
4182
4182
4184
4188
4189
4199
4207
4207
4209
4212
4215
4217
4218
4221
4223
4224
4225
4231
4233
4233
4236
4240
4245
4252
4254
4261
4263
4265
4267
4277
4282
4289
4290
4301
4302
4306
4317
4323
4323
4324
4327
4333
4334
4334
4345
4347
4352
4353
4370
4376
4382
4399
4400
4410
4414
4425
4426
4430
4436
4442
4445
4450
4461
4474
4484
4484
4485
4492
4493
4500
4500
4501
4502
4507
4507
4507
4509
4513
4520
4520
4526
4527
4538
4542
4544
4545
4548
4549
4550
4551
4557
4558
4559
4560
4560
4571
4572
4575
4583
4585
4586
4590
4606
4607
4607
4611
4612
4612
4620
4623
4624
4627
4628
4629
4633
4648
4661
4664
4666
4667
4674
4685
4704
4705
4706
4716
4718
4723
4727
4728
4733
4734
4735
4753
4754
4756
4758
4759
4768
4772
4773
4777
4782
4782
4784
4785
4786
4787
4791
4796
4800
4803
4803
4804
4811
4815
4817
4826
4831
4840
4848
4856
4859
4863
4865
4867
4869
4870
4870
4870
4872
4873
4893
4895
4896
4907
4908
4909
4909
4929
4929
4929
4937
4939
4954
4955
4960
4974
4981
4981
5000
5003
5007
5009
5023
5044
5049
5055
5056
5061
5067
5081
5082
5082
5088
5092
5095
5100
5116
5121
5122
5135
5140
5140
5142
5143
5153
5157
5163
5164
5166
5166
5169
5180
5185
5191
5198
5199
5203
5211
5217
5218
5221
5222
5226
5238
5241
5242
5255
5270
5272
5274
5277
5277
5279
5284
5286
5287
5291
5299
5304
5304
5311
5323
5329
5331
5333
5334
5337
5340
5356
5359
5360
5361
5372
5377
5379
5380
5389
5389
5400
5408
5409
5409
5413
5423
5424
5428
5429
5435
5436
5441
5447
5450
5461
5461
5461
5462
5473
5474
5481
5485
5492
5495
5500
5514
5516
5520
5525
5528
5528
5531
5535
5535
5541
5548
5553
5555
5560
5564
5569
5574
5576
5587
5590
5591
5595
5595
5598
5612
5623
5626
5647
5649
5650
5651
5653
5659
5659
5665
5669
5670
5671
5676
5680
5683
5684
5686
5688
5689
5690
5696
5698
5715
5717
5726
5726
5726
5729
5734
5734
5735
5735
5737
5738
5747
5749
5752
5760
5774
5774
5777
5777
5786
5799
5805
5808
5810
5827
5828
5832
5833
5836
5840
5842
5846
5849
5853
5854
5856
5865
5871
5877
5882
5893
5896
5896
5904
5908
5910
5915
5915
5920
5922
5924
5924
5933
5936
5937
5941
5941
5944
5950
5953
5954
5959
5968
5975
5975
5980
5982
5988
5992
5994
5994
5996
5997
5998
6008
6010
6026
6028
6028
6028
6029
6029
6036
6038
6051
6056
6059
6061
6061
6076
6079
6085
6088
6089
6095
6097
6103
6105
6106
6112
6112
6118
6121
6126
6128
6129
6132
6133
6136
6140
6141
6141
6150
6153
6161
6169
6170
6173
6173
6177
6182
6187
6187
6194
6203
6209
6210
6210
6223
6229
6240
6243
6245
6245
6250
6250
6253
6253
6265
6269
6276
6281
6281
6283
6284
6293
6294
6301
6305
6305
6307
6313
6314
6314
6315
6316
6319
6323
6325
6326
6327
6329
6334
6339
6341
6348
6348
6350
6351
6354
6360
6366
6368
6381
6385
6386
6394
6395
6398
6398
6401
6405
6409
6412
6414
6414
6415
6419
6422
6432
6435
6448
6454
6466
6470
6480
6485
6492
6498
6500
6505
6506
6510
6511
6511
6513
6516
6517
6522
6523
6525
6531
6534
6546
6547
6557
6557
6559
6560
6569
6569
6570
6571
6575
6597
6598
6599
6602
6606
6610
6620
6625
6632
6633
6637
6642
6651
6653
6653
6658
6659
6662
6662
6664
6670
6672
6673
6677
6678
6680
6680
6681
6685
6690
6695
6702
6705
6707
6709
6717
6719
6720
6737
6738
6739
6739
6740
6741
6751
6752
6762
6765
6770
6771
6772
6781
6783
6787
6790
6797
6800
6802
6803
6804
6811
6812
6821
6822
6823
6824
6834
6843
6857
6858
6862
6864
6880
6887
6887
6897
6900
6905
6905
6908
6909
6914
6923
6932
6938
6943
6946
6951
6953
6958
6959
6964
6968
6971
6981
6986
6987
7004
7007
7011
7012
7015
7018
7020
7026
7026
7034
7036
7043
7046
7055
7057
7060
7060
7062
7075
7075
7078
7093
7095
7100
7102
7104
7112
7122
7126
7127
7128
7132
7133
7138
7143
7145
7147
7147
7153
7159
7164
7174
7176
7177
7178
7179
7180
7184
7191
7191
7195
7197
7198
7198
7206
7232
7239
7244
7246
7251
7254
7264
7265
7266
7266
7271
7273
7276
7285
7289
7301
7303
7305
7306
7307
7315
7319
7321
7325
7328
7329
7347
7355
7355
7357
7358
7372
7373
7376
7376
7379
7380
7381
7384
7385
7386
7388
7393
7400
7402
7409
7410
7412
7412
7415
7424
7425
7436
7440
7441
7446
7449
7451
7457
7458
7458
7459
7461
7462
7462
7476
7485
7492
7495
7496
7496
7496
7497
7498
7499
7500
7509
7510
7511
7514
7524
7525
7528
7534
7536
7540
7545
7556
7568
7574
7579
7581
7582
7586
7593
7597
7602
7602
7604
7608
7609
7612
7619
7621
7624
7625
7628
7629
7632
7642
7644
7645
7647
7652
7657
7658
7664
7670
7677
7683
7685
7689
7693
7694
7696
7696
7697
7698
7706
7707
7710
7714
7716
7727
7732
7733
7738
7744
7747
7751
7759
7760
7763
7764
7765
7769
7774
7778
7779
7780
7780
7782
7794
7795
7795
7797
7798
7820
7822
7826
7831
7837
7837
7839
7841
7844
7846
7847
7850
7851
7855
7855
7860
7861
7863
7864
7865
7865
7871
7875
7880
7881
7882
7888
7889
7892
7892
7902
7905
7906
7916
7918
7921
7923
7924
7928
7938
7948
7951
7953
7965
7967
7968
7980
7981
7983
7992
7997
7998
8013
8024
8025
8033
8035
8035
8035
8036
8041
8041
8045
8048
8054
8059
8062
8064
8069
8073
8075
8077
8088
8092
8095
8098
8098
8101
8105
8108
8110
8113
8118
8122
8128
8129
8131
8132
8143
8146
8150
8150
8156
8158
8160
8163
8164
8165
8166
8169
8170
8171
8179
8188
8194
8196
8201
8207
8212
8218
8227
8236
8240
8253
8254
8259
8264
8266
8268
8272
8273
8273
8282
8285
8287
8289
8295
8298
8305
8307
8309
8310
8312
8316
8319
8323
8331
8340
8345
8348
8349
8350
8350
8351
8354
8355
8358
8359
8362
8371
8377
8379
8384
8385
8386
8386
8387
8391
8394
8397
8402
8404
8407
8408
8415
8417
8429
8431
8439
8456
8457
8473
8479
8488
8493
8498
8499
8510
8517
8520
8521
8521
8525
8527
8531
8531
8532
8533
8537
8544
8544
8546
8547
8549
8550
8551
8553
8557
8567
8569
8575
8584
8592
8592
8598
8601
8604
8609
8610
8617
8618
8618
8620
8620
8623
8632
8632
8633
8640
8640
8644
8651
8652
8658
8663
8667
8667
8672
8675
8678
8687
8693
8694
8699
8700
8701
8701
8707
8715
8718
8719
8724
8727
8728
8729
8740
8743
8743
8743
8748
8752
8755
8758
8761
8766
8775
8783
8784
8789
8796
8797
8803
8808
8815
8821
8826
8828
8833
8844
8850
8855
8858
8861
8865
8876
8879
8892
8892
8901
8905
8905
8910
8919
8920
8920
8933
8938
8940
8940
8941
8943
8944
8945
8947
8952
8954
8954
8956
8960
8962
8964
8965
8970
8983
8993
8994
8996
9000
9001
9001
9002
9004
9010
9013
9017
9023
9033
9034
9037
9041
9044
9049
9057
9060
9065
9068
9075
9075
9075
9076
9085
9094
9101
9102
9104
9104
9105
9107
9123
9125
9125
9130
9139
9147
9148
9152
9153
9164
9167
9172
9178
9179
9179
9180
9182
9182
9196
9203
9204
9208
9215
9225
9226
9227
9232
9233
9238
9240
9244
9248
9248
9253
9253
9256
9262
9266
9273
9277
9278
9283
9291
9291
9294
9297
9304
9308
9321
9327
9328
9329
9331
9338
9339
9343
9348
9348
9355
9357
9361
9368
9373
9374
9384
9389
9392
9394
9395
9395
9401
9407
9415
9417
9421
9431
9431
9435
9435
9437
9449
9465
9470
9471
9479
9483
9484
9487
9492
9495
9499
9501
9505
9505
9512
9515
9515
9516
9517
9518
9518
9523
9528
9529
9531
9533
9537
9537
9547
9559
9568
9570
9572
9576
9585
9589
9590
9590
9591
9596
9597
9597
9600
9611
9619
9620
9626
9628
9636
9651
9662
9662
9668
9670
9682
9690
9697
9698
9699
9707
9709
9712
9716
9719
9727
9732
9748
9749
9761
9763
9769
9769
9770
9772
9779
9781
9787
9791
9792
9794
9802
9805
9808
9813
9813
9817
9819
9819
9821
9822
9830
9834
9838
9838
9840
9841
9845
9846
9847
9855
9861
9865
9868
9876
9877
9882
9890
9894
9902
9909
9911
9918
9924
9926
9930
9931
9932
9934
9934
9935
9941
9941
9945
9951
9954
9975
9981
9989
9997
10001
10008
10010
10011
10013
10014
10024
10030
10031
10035
10037
10044
10045
10054
10055
10069
10070
10082
10094
10096
10103
10112
10114
10118
10120
10121
10125
10127
10130
10139
10151
10162
10169
10172
10174
10191
10194
10195
10203
10204
10210
10219
10228
10228
10241
10241
10242
10243
10247
10247
10252
10253
10255
10256
10258
10268
10272
10273
10281
10285
10286
10291
10292
10302
10313
10326
10327
10337
10343
10347
10350
10356
10357
10360
10363
10364
10374
10380
10382
10384
10385
10386
10387
10388
10389
10395
10398
10404
10406
10421
10428
10440
10441
10444
10447
10453
10464
10466
10471
10477
10479
10483
10489
10491
10497
10512
10513
10515
10529
10530
10531
10533
10535
10538
10542
10546
10546
10558
10563
10566
10580
10583
10583
10585
10587
10590
10596
10596
10598
10603
10603
10603
10606
10614
10615
10619
10619
10620
10621
10625
10628
10638
10641
10644
10646
10649
10651
10653
10653
10658
10660
10671
10674
10674
10686
10691
10706
10712
10713
10714
10721
10722
10722
10727
10731
10735
10735
10738
10749
10750
10751
10753
10753
10754
10757
10757
10761
10773
10775
10778
10778
10780
10787
10789
10808
10814
10820
10821
10824
10825
10827
10830
10830
10832
10833
10837
10843
10847
10848
10848
10855
10859
10862
10870
10871
10874
10875
10876
10880
10890
10894
10898
10901
10903
10904
10905
10905
10905
10906
10907
10912
10919
10922
10935
10937
10938
10938
10944
10945
10950
10953
10965
10969
10970
10979
10986
10991
10992
10992
10999
11000
11001
11005
11007
11008
11011
11011
11016
11016
11025
11037
11038
11044
11045
11046
11046
11048
11050
11052
11053
11068
11070
11077
11079
11080
11092
11096
11101
11102
11102
11102
11109
11111
11114
11128
11130
11131
11133
11133
11135
11139
11139
11139
11143
11146
11156
11167
11170
11174
11176
11177
11177
11195
11204
11206
11207
11209
11210
11213
11228
11235
11244
11256
11257
11260
11262
11265
11269
11272
11273
11273
11288
11290
11290
11292
11294
11295
11297
11297
11298
11301
11306
11310
11313
11317
11319
11320
11321
11321
11322
11323
11323
11342
11343
11345
11349
11350
11352
11353
11354
11355
11363
11364
11371
11374
11380
11384
11393
11397
11400
11402
11403
11404
11405
11406
11411
11422
11423
11426
11429
11433
11442
11443
11444
11448
11452
11468
11471
11471
11476
11476
11477
11478
11487
11488
11504
11508
11508
11520
11521
11522
11535
11541
11541
11543
11545
11551
11556
11561
11563
11571
11583
11585
11589
11589
11590
11594
11596
11604
11609
11613
11614
11617
11617
11617
11620
11624
11636
11637
11643
11649
11649
11654
11656
11656
11661
11667
11670
11677
11682
11683
11685
11688
11696
11702
11710
11710
11715
11727
11731
11732
11739
11752
11755
11756
11759
11761
11762
11763
11764
11768
11776
11777
11784
11786
11789
11794
11800
11835
11835
11835
11840
11842
11843
11843
11845
11845
11848
11856
11858
11862
11862
11867
11867
11867
11875
11884
11893
11896
11899
11900
11902
11904
11907
11907
11909
11917
11918
11925
11942
11942
11945
11952
11955
11965
11965
11972
11978
11982
12004
12007
12008
12011
12014
12020
12021
12024
12030
12032
12040
12043
12053
12054
12055
12056
12056
12058
12060
12063
12066
12067
12067
12082
12085
12088
12102
12103
12105
12107
12109
12112
12113
12123
12126
12127
12127
12140
12142
12143
12144
12146
12147
12149
12149
12151
12153
12156
12158
12160
12166
12169
12171
12185
12186
12188
12189
12192
12196
12196
12198
12203
12205
12205
12213
12217
12223
12229
12230
12231
12237
12239
12250
12254
12257
12265
12272
12284
12296
12297
12301
12301
12308
12312
12312
12314
12317
12317
12321
12323
12325
12327
12332
12333
12336
12342
12344
12345
12350
12359
12359
12360
12362
12366
12368
12369
12371
12372
12375
12380
12382
12384
12390
12395
12396
12397
12403
12404
12404
12407
12409
12411
12414
12417
12418
12419
12420
12420
12426
12428
12434
12435
12436
12438
12445
12448
12448
12452
12453
12454
12458
12462
12467
12468
12469
12475
12476
12476
12481
12481
12489
12490
12510
12510
12516
12519
12522
12528
12532
12547
12550
12552
12558
12560
12560
12562
12565
12570
12576
12579
12586
12590
12595
12597
12599
12601
12606
12607
12610
12613
12614
12614
12617
12621
12622
12627
12634
12639
12643
12655
12655
12656
12657
12661
12667
12670
12671
12675
12677
12685
12685
12689
12690
12692
12697
12698
12701
12701
12705
12710
12718
12720
12721
12723
12723
12724
12726
12731
12734
12735
12736
12743
12744
12747
12748
12759
12759
12763
12768
12773
12774
12782
12784
12784
12789
12789
12794
12794
12797
12799
12804
12809
12820
12821
12824
12824
12825
12837
12837
12851
12855
12858
12867
12883
12888
12888
12897
12913
12913
12920
12924
12929
12930
12932
12934
12941
12941
12948
12948
12962
12964
12978
12980
12982
12985
12987
12994
12995
12996
13001
13003
13009
13012
13014
13018
13020
13021
13023
13024
13027
13032
13033
13033
13042
13051
13056
13064
13070
13070
13071
13078
13079
13079
13080
13088
13089
13091
13092
13094
13095
13097
13100
13102
13107
13110
13113
13120
13130
13131
13145
13146
13150
13160
13178
13179
13193
13194
13199
13200
13230
13232
13233
13234
13236
13237
13238
13242
13247
13250
13267
13270
13273
13280
13283
13288
13299
13308
13319
13321
13324
13325
13331
13336
13336
13338
13343
13346
13347
13351
13354
13361
13364
13367
13367
13370
13372
13375
13394
13395
13395
13402
13409
13411
13413
13415
13415
13428
13430
13436
13438
13440
13442
13446
13447
13448
13452
13464
13480
13487
13491
13493
13496
13503
13510
13514
13516
13527
13529
13532
13542
13547
13553
13554
13556
13559
13564
13567
13570
13574
13575
13575
13577
13578
13585
13589
13590
13591
13593
13600
13603
13603
13611
13621
13625
13630
13634
13635
13638
13643
13645
13650
13651
13653
13662
13663
13665
13666
13682
13683
13685
13685
13686
13687
13692
13693
13695
13699
13703
13705
13709
13716
13716
13716
13717
13720
13721
13722
13732
13733
13734
13734
13738
13744
13749
13755
13755
13758
13767
13769
13769
13771
13778
13780
13785
13787
13788
13790
13792
13809
13816
13818
13818
13821
13822
13823
13825
13825
13826
13829
13835
13841
13846
13846
13853
13858
13862
13868
13870
13870
13876
13904
13904
13905
13905
13907
13907
13909
13915
13923
13927
13927
13927
13930
13933
13942
13942
13948
13952
13954
13957
13961
13965
13969
13970
13972
13973
13973
13987
13989
13991
13993
13994
13997
13998
13999
14002
14004
14014
14019
14019
14022
14030
14033
14036
14041
14041
14050
14055
14059
14066
14072
14080
14080
14082
14082
14083
14083
14092
14099
14108
14108
14110
14114
14115
14117
14130
14132
14134
14138
14141
14141
14145
14161
14161
14179
14181
14182
14213
14220
14224
14228
14229
14229
14230
14234
14235
14237
14247
14250
14259
14263
14265
14270
14270
14299
14300
14301
14309
14310
14320
14320
14323
14324
14325
14327
14328
14329
14331
14331
14351
14351
14351
14359
14359
14363
14364
14364
14365
14372
14373
14377
14378
14386
14389
14394
14405
14415
14420
14423
14432
14448
14448
14454
14458
14461
14465
14469
14478
14480
14481
14485
14489
14489
14492
14497
14507
14509
14511
14512
14515
14528
14531
14549
14552
14556
14560
14565
14574
14591
14591
14597
14603
14605
14609
14609
14611
14621
14632
14633
14639
14640
14644
14647
14649
14654
14655
14655
14656
14658
14667
14667
14671
14677
14684
14684
14690
14692
14699
14700
14706
14707
14713
14722
14723
14729
14732
14736
14741
14742
14744
14746
14746
14751
14752
14764
14767
14768
14771
14775
14776
14780
14782
14782
14785
14789
14790
14793
14805
14809
14812
14820
14820
14824
14827
14829
14830
14830
14831
14835
14842
14842
14857
14866
14867
14867
14871
14871
14872
14881
14890
14899
14901
14904
14906
14906
14909
14914
14923
14924
14933
14940
14942
14950
14965
14966
14974
14977
14978
14985
14987
14989
14994
14999
15000
15003
15009
15019
15021
15022
15025
15025
15029
15035
15039
15044
15062
15073
15073
15086
15087
15089
15095
15097
15097
15104
15106
15110
15114
15115
15119
15121
15129
15129
15131
15134
15134
15134
15135
15136
15138
15139
15143
15148
15150
15154
15165
15179
15189
15190
15191
15197
15198
15199
15205
15205
15210
15216
15217
15225
15230
15230
15231
15233
15239
15240
15241
15250
15252
15261
15265
15271
15273
15276
15277
15283
15285
15287
15290
15306
15306
15307
15311
15320
15320
15323
15332
15335
15341
15344
15346
15352
15354
15357
15363
15367
15369
15370
15371
15387
15405
15409
15409
15416
15424
15425
15428
15432
15441
15441
15442
15444
15448
15455
15458
15458
15460
15460
15462
15467
15468
15468
15469
15471
15472
15473
15474
15482
15482
15483
15488
15501
15501
15502
15507
15511
15516
15526
15527
15527
15537
15539
15551
15553
15553
15553
15555
15564
15564
15568
15571
15574
15574
15574
15580
15583
15583
15585
15586
15600
15602
15604
15610
15612
15614
15621
15628
15629
15652
15652
15663
15665
15667
15669
15674
15675
15675
15679
15680
15681
15681
15689
15694
15698
15701
15709
15725
15725
15725
15726
15726
15728
15734
15749
15754
15775
15776
15777
15777
15784
15784
15813
15813
15824
15829
15832
15834
15834
15837
15840
15840
15843
15846
15849
15853
15858
15861
15862
15864
15867
15867
15868
15869
15871
15877
15879
15882
15892
15895
15896
15898
15899
15905
15908
15910
15912
15920
15924
15927
15933
15940
15941
15946
15950
15951
15952
15953
15955
15964
15966
15968
15976
15988
16003
16003
16005
16012
16013
16017
16019
16024
16031
16035
16047
16048
16053
16056
16060
16063
16064
16069
16075
16086
16087
16089
16090
16095
16098
16103
16109
16116
16119
16120
16121
16127
16131
16133
16141
16143
16148
16153
16157
16157
16158
16159
16159
16160
16165
16166
16169
16174
16176
16177
16180
16180
16185
16191
16195
16209
16217
16221
16223
16227
16232
16237
16238
16239
16245
16246
16251
16256
16258
16260
16260
16267
16272
16273
16273
16273
16274
16285
16286
16288
16288
16296
16311
16316
16316
16318
16319
16322
16335
16338
16340
16343
16344
16349
16351
16358
16361
16364
16366
16370
16380
16381
16385
16389
16390
16400
16401
16404
16410
16411
16414
16416
16424
16428
16449
16464
16478
16480
16482
16483
16490
16491
16495
16496
16502
16506
16508
16509
16513
16513
16517
16517
16534
16546
16547
16551
16553
16554
16558
16559
16563
16569
16571
16578
16583
16583
16587
16591
16594
16611
16618
16624
16624
16630
16633
16634
16637
16642
16647
16649
16656
16660
16663
16666
16677
16687
16691
16695
16707
16709
16709
16710
16717
16718
16720
16730
16732
16733
16735
16740
16746
16761
16779
16796
16800
16801
16814
16816
16816
16819
16831
16836
16839
16849
16849
16849
16856
16857
16861
16871
16876
16877
16882
16884
16885
16886
16891
16895
16912
16916
16918
16922
16922
16923
16924
16929
16931
16931
16940
16944
16945
16945
16948
16950
16952
16953
16960
16961
16961
16965
16968
16972
16975
16976
16977
16981
16992
16998
16998
17006
17010
17012
17013
17017
17031
17031
17034
17034
17043
17044
17048
17059
17064
17067
17067
17070
17071
17077
17081
17091
17097
17101
17103
17112
17112
17116
17117
17119
17123
17124
17130
17133
17136
17137
17142
17147
17148
17155
17165
17167
17170
17170
17173
17174
17177
17178
17186
17191
17194
17196
17197
17198
17198
17201
17210
17215
17215
17218
17223
17223
17223
17225
17225
17227
17233
17234
17235
17241
17248
17249
17251
17262
17266
17269
17270
17271
17279
17280
17280
17281
17292
17299
17300
17303
17305
17308
17312
17313
17314
17323
17325
17328
17338
17344
17346
17350
17355
17358
17359
17364
17371
17374
17380
17390
17399
17402
17403
17408
17410
17410
17413
17417
17421
17426
17429
17430
17432
17433
17437
17441
17441
17447
17461
17472
17473
17475
17478
17478
17480
17488
17488
17491
17492
17497
17515
17523
17533
17534
17536
17541
17541
17546
17553
17555
17559
17560
17563
17576
17584
17592
17595
17597
17617
17618
17618
17618
17624
17626
17632
17635
17644
17646
17647
17647
17660
17661
17665
17671
17680
17684
17687
17692
17693
17697
17699
17711
17718
17726
17730
17730
17732
17734
17735
17740
17747
17748
17748
17763
17773
17775
17779
17780
17781
17784
17786
17787
17795
17803
17803
17810
17810
17810
17817
17819
17820
17824
17834
17834
17834
17841
17843
17850
17852
17857
17859
17862
17867
17868
17879
17886
17896
17906
17907
17913
17917
17920
17922
17930
17938
17938
17943
17949
17949
17950
17951
17954
17955
17958
17962
17969
17969
17970
17977
17978
17982
17990
17991
17992
17996
17996
18003
18006
18015
18016
18032
18039
18044
18046
18046
18047
18051
18055
18058
18062
18064
18064
18066
18072
18073
18075
18082
18084
18092
18099
18107
18112
18114
18121
18124
18124
18134
18141
18141
18144
18144
18154
18163
18171
18171
18172
18177
18179
18184
18186
18190
18190
18202
18208
18210
18210
18212
18215
18218
18227
18227
18237
18238
18246
18249
18254
18262
18266
18271
18272
18273
18285
18304
18305
18309
18310
18311
18312
18322
18324
18324
18328
18330
18332
18332
18338
18339
18344
18355
18357
18364
18366
18373
18378
18385
18391
18392
18403
18403
18406
18408
18410
18414
18416
18421
18425
18426
18432
18433
18433
18435
18437
18439
18439
18452
18453
18453
18454
18459
18463
18473
18491
18493
18495
18495
18500
18503
18507
18510
18513
18527
18537
18540
18542
18543
18543
18547
18547
18548
18555
18557
18557
18566
18568
18575
18576
18580
18586
18587
18588
18588
18589
18590
18597
18597
18604
18609
18609
18611
18613
18614
18618
18619
18625
18626
18630
18630
18633
18636
18637
18637
18649
18657
18659
18663
18665
18686
18689
18689
18692
18695
18698
18702
18710
18718
18725
18731
18731
18731
18733
18733
18734
18740
18741
18743
18745
18748
18750
18756
18756
18768
18772
18798
18810
18819
18821
18835
18836
18841
18851
18853
18856
18857
18857
18864
18865
18868
18881
18885
18885
18886
18890
18900
18904
18916
18930
18934
18937
18938
18941
18948
18949
18953
18958
18959
18963
18966
18966
18966
18970
18976
18985
18985
18986
18992
18992
18995
19004
19016
19019
19025
19027
19029
19038
19044
19050
19056
19057
19058
19059
19067
19072
19074
19075
19092
19103
19114
19115
19121
19133
19134
19137
19137
19140
19149
19149
19150
19151
19151
19152
19157
19160
19168
19174
19182
19189
19190
19191
19192
19195
19198
19203
19203
19205
19209
19209
19214
19217
19233
19242
19253
19254
19255
19257
19257
19264
19264
19291
19300
19301
19304
19306
19307
19312
19315
19316
19318
19321
19324
19326
19327
19327
19338
19340
19344
19348
19349
19354
19359
19361
19368
19372
19377
19379
19389
19389
19389
19391
19392
19395
19400
19402
19403
19412
19416
19419
19429
19433
19433
19452
19455
19458
19461
19465
19468
19469
19475
19477
19479
19487
19489
19494
19500
19500
19501
19501
19512
19535
19559
19561
19564
19566
19566
19567
19571
19573
19578
19580
19586
19595
19606
19607
19610
19626
19632
19632
19635
19636
19637
19646
19657
19658
19659
19659
19661
19662
19665
19667
19668
19672
19676
19677
19678
19686
19686
19688
19709
19717
19719
19726
19732
19739
19740
19744
19748
19753
19753
19753
19757
19759
19761
19763
19766
19767
19767
19776
19777
19779
19783
19784
19785
19793
19793
19794
19794
19795
19797
19797
19800
19800
19813
19813
19823
19828
19831
19838
19839
19847
19849
19850
19854
19854
19861
19869
19875
19880
19880
19882
19886
19894
19896
19900
19900
19904
19912
19913
19921
19922
19923
19929
19930
19936
19947
19947
19951
19964
19981
19982
19985
19991
20001
20018
20020
20027
20027
20031
20036
20044
20047
20060
20060
20064
20066
20070
20074
20077
20080
20084
20084
20089
20108
20112
20119
20129
20135
20149
20163
20166
20177
20195
20199
20201
20205
20206
20207
20214
20216
20220
20227
20234
20242
20244
20245
20247
20247
20250
20270
20276
20278
20283
20285
20288
20301
20308
20316
20317
20318
20322
20324
20331
20336
20343
20350
20351
20352
20354
20362
20367
20368
20371
20371
20375
20379
20379
20383
20389
20393
20398
20398
20398
20401
20403
20404
20405
20409
20410
20412
20421
20428
20437
20438
20439
20440
20447
20447
20452
20453
20463
20482
20485
20494
20497
20499
20502
20504
20505
20509
20511
20523
20532
20539
20545
20545
20546
20556
20563
20566
20570
20573
20574
20578
20579
20581
20583
20589
20593
20600
20606
20610
20615
20622
20628
20632
20637
20638
20640
20646
20655
20661
20664
20666
20667
20667
20667
20668
20677
20678
20680
20680
20680
20686
20691
20693
20697
20700
20709
20711
20712
20713
20716
20717
20717
20718
20718
20718
20718
20724
20726
20726
20740
20742
20745
20767
20774
20779
20784
20794
20795
20802
20803
20810
20813
20818
20820
20833
20833
20840
20841
20842
20842
20847
20849
20850
20854
20854
20855
20855
20861
20865
20868
20868
20870
20883
20886
20891
20895
20896
20904
20905
20918
20919
20921
20923
20927
20933
20940
20941
20946
20948
20951
20956
20968
20971
20971
20975
20977
20985
20986
20996
20996
21006
21008
21009
21009
21017
21018
21027
21032
21034
21038
21043
21044
21045
21052
21059
21067
21068
21071
21073
21074
21077
21083
21088
21089
21096
21098
21108
21110
21110
21113
21119
21120
21126
21131
21132
21132
21143
21143
21155
21156
21158
21160
21164
21166
21177
21177
21183
21183
21207
21208
21216
21216
21232
21232
21239
21241
21247
21252
21254
21256
21257
21261
21261
21263
21276
21280
21283
21283
21288
21288
21290
21292
21295
21296
21296
21298
21311
21312
21316
21322
21322
21323
21323
21323
21342
21344
21347
21353
21358
21361
21368
21369
21371
21371
21373
21378
21380
21382
21383
21387
21390
21391
21396
21406
21412
21416
21417
21417
21420
21427
21433
21435
21437
21438
21440
21442
21442
21443
21445
21452
21460
21465
21468
21469
21481
21488
21492
21492
21494
21511
21516
21523
21527
21528
21538
21544
21547
21555
21559
21563
21568
21570
21574
21574
21576
21577
21577
21578
21596
21602
21607
21611
21613
21616
21634
21636
21640
21645
21646
21647
21656
21667
21671
21675
21689
21691
21697
21703
21708
21709
21715
21715
21716
21716
21718
21726
21728
21740
21740
21747
21754
21763
21766
21773
21775
21777
21777
21778
21780
21788
21789
21789
21796
21798
21801
21802
21804
21809
21810
21812
21814
21823
21825
21830
21835
21836
21838
21840
21849
21854
21855
21860
21863
21868
21869
21870
21875
21876
21877
21880
21881
21886
21887
21888
21890
21890
21891
21893
21896
21900
21903
21906
21911
21911
21914
21928
21931
21933
21934
21934
21935
21937
21942
21943
21947
21951
21955
21957
21959
21965
21970
21970
21979
21980
21987
21988
21990
21991
21992
21993
21994
22000
22007
22009
22015
22016
22016
22020
22025
22026
22034
22034
22036
22038
22039
22045
22052
22054
22055
22058
22059
22060
22065
22070
22072
22072
22074
22081
22083
22088
22092
22095
22097
22108
22112
22121
22122
22130
22136
22140
22143
22144
22146
22151
22155
22163
22165
22169
22169
22181
22185
22187
22190
22190
22190
22196
22199
22207
22223
22223
22224
22227
22229
22238
22240
22244
22250
22251
22252
22261
22264
22265
22280
22284
22284
22295
22299
22302
22310
22312
22324
22324
22329
22337
22345
22356
22361
22365
22372
22377
22380
22382
22383
22387
22400
22409
22410
22411
22412
22414
22418
22426
22428
22430
22437
22447
22461
22462
22463
22467
22474
22478
22482
22489
22499
22500
22510
22516
22537
22541
22541
22546
22563
22563
22568
22574
22576
22579
22580
22583
22583
22591
22592
22597
22615
22625
22626
22634
22636
22645
22656
22668
22682
22682
22685
22687
22687
22690
22690
22693
22697
22698
22703
22704
22714
22718
22729
22733
22734
22737
22738
22741
22749
22753
22764
22773
22773
22778
22780
22788
22798
22803
22809
22811
22811
22814
22818
22823
22824
22824
22828
22830
22832
22838
22845
22847
22852
22853
22857
22858
22864
22864
22871
22872
22873
22873
22874
22879
22897
22905
22906
22909
22914
22920
22926
22929
22931
22941
22941
22955
22966
22966
22970
22981
22981
22982
22983
22993
22996
23002
23006
23011
23014
23015
23021
23021
23024
23024
23025
23032
23032
23042
23043
23045
23047
23050
23051
23056
23064
23086
23090
23095
23103
23106
23108
23140
23140
23157
23159
23160
23162
23169
23174
23177
23179
23180
23186
23188
23191
23192
23196
23198
23201
23202
23218
23223
23227
23229
23234
23238
23243
23245
23256
23257
23258
23259
23260
23263
23268
23268
23271
23272
23273
23275
23276
23286
23287
23292
23297
23301
23302
23306
23310
23312
23318
23320
23321
23330
23334
23335
23335
23336
23337
23339
23343
23343
23344
23351
23352
23358
23358
23358
23362
23363
23364
23368
23373
23374
23374
23377
23377
23379
23382
23384
23386
23398
23400
23401
23402
23411
23411
23416
23418
23422
23430
23433
23434
23440
23448
23449
23452
23453
23464
23464
23466
23470
23480
23480
23485
23497
23505
23508
23514
23520
23521
23521
23527
23530
23538
23540
23540
23545
23546
23547
23549
23561
23562
23572
23573
23574
23575
23580
23583
23589
23592
23596
23614
23617
23620
23633
23633
23635
23641
23641
23642
23650
23656
23661
23668
23670
23674
23693
23699
23708
23711
23713
23718
23720
23723
23725
23727
23727
23730
23732
23738
23740
23742
23745
23755
23755
23763
23771
23784
23789
23793
23798
23799
23800
23800
23804
23805
23807
23808
23808
23816
23822
23823
23823
23823
23834
23835
23839
23844
23848
23863
23867
23867
23868
23869
23871
23871
23873
23876
23877
23877
23880
23881
23882
23886
23888
23888
23894
23898
23899
23902
23906
23911
23917
23924
23930
23946
23955
23955
23961
23969
23976
23981
23982
23983
23987
23987
23999
24001
24002
24006
24014
24015
24016
24020
24027
24027
24038
24039
24048
24054
24057
24057
24064
24073
24080
24081
24085
24090
24091
24096
24097
24097
24102
24105
24105
24106
24108
24110
24110
24110
24117
24120
24123
24126
24127
24139
24144
24146
24150
24156
24161
24162
24165
24170
24170
24174
24178
24183
24183
24188
24193
24194
24196
24199
24202
24203
24210
24217
24217
24229
24231
24233
24237
24244
24248
24252
24257
24264
24264
24266
24269
24272
24274
24279
24281
24290
24302
24311
24320
24328
24341
24351
24354
24356
24356
24360
24369
24378
24388
24401
24401
24402
24409
24412
24423
24430
24445
24446
24446
24447
24457
24466
24484
24485
24488
24497
24505
24506
24506
24513
24517
24520
24527
24527
24528
24543
24547
24555
24555
24556
24561
24565
24570
24575
24577
24581
24582
24586
24588
24594
24597
24602
24604
24609
24610
24615
24621
24626
24629
24635
24640
24642
24644
24646
24653
24667
24675
24682
24685
24687
24694
24695
24698
24698
24714
24721
24737
24738
24738
24756
24758
24760
24761
24767
24769
24773
24775
24780
24781
24784
24785
24785
24791
24798
24801
24801
24802
24804
24806
24806
24811
24812
24821
24821
24821
24828
24831
24833
24838
24842
24843
24844
24849
24857
24862
24864
24869
24880
24881
24884
24890
24902
24908
24914
24916
24920
24922
24929
24932
24933
24934
24944
24950
24962
24964
24977
24979
24984
24984
24988
24988
24989
24994
24995
25009
25018
25021
25027
25028
25046
25050
25051
25052
25053
25057
25062
25073
25079
25082
25082
25091
25093
25102
25106
25106
25110
25114
25119
25121
25122
25127
25127
25136
25143
25147
25149
25153
25156
25159
25170
25182
25185
25186
25190
25192
25199
25204
25215
25216
25223
25226
25227
25233
25233
25235
25237
25242
25251
25255
25268
25277
25279
25280
25283
25285
25287
25288
25292
25293
25298
25300
25309
25309
25311
25317
25325
25327
25329
25332
25340
25345
25348
25349
25356
25357
25361
25361
25363
25370
25372
25382
25382
25386
25387
25393
25393
25395
25398
25408
25410
25410
25411
25415
25421
25422
25428
25433
25438
25438
25438
25439
25442
25444
25455
25458
25473
25475
25477
25478
25479
25486
25487
25495
25495
25500
25501
25501
25505
25511
25518
25518
25524
25527
25533
25546
25549
25553
25557
25557
25565
25569
25569
25574
25583
25588
25588
25592
25594
25598
25598
25601
25605
25608
25614
25620
25620
25621
25628
25633
25635
25635
25636
25645
25649
25649
25649
25652
25652
25654
25664
25664
25669
25680
25683
25689
25691
25697
25697
25698
25701
25705
25705
25708
25709
25710
25711
25714
25714
25715
25722
25723
25741
25747
25755
25757
25759
25760
25760
25765
25773
25780
25781
25784
25787
25789
25802
25809
25814
25816
25818
25822
25832
25832
25836
25838
25843
25846
25856
25856
25857
25861
25861
25866
25868
25871
25879
25884
25887
25890
25891
25899
25910
25914
25917
25929
25929
25929
25932
25932
25937
25959
25963
25975
25976
25976
25977
25983
25986
25993
25999
26002
26002
26006
26015
26027
26028
26033
26035
26036
26037
26037
26042
26048
26065
26067
26073
26078
26087
26090
26104
26104
26108
26114
26115
26116
26117
26118
26123
26127
26130
26132
26137
26138
26141
26141
26141
26142
26144
26145
26147
26154
26157
26158
26159
26159
26160
26176
26179
26180
26182
26183
26186
26186
26186
26189
26191
26201
26210
26212
26215
26218
26223
26226
26229
26230
26233
26246
26247
26249
26253
26254
26255
26257
26260
26263
26264
26268
26268
26268
26274
26278
26278
26285
26286
26288
26296
26296
26316
26316
26318
26325
26331
26333
26334
26340
26342
26366
26367
26369
26369
26369
26371
26385
26395
26396
26397
26400
26402
26403
26413
26422
26422
26433
26434
26438
26442
26443
26450
26454
26454
26460
26462
26471
26475
26481
26500
26510
26518
26518
26520
26521
26525
26526
26531
26545
26553
26560
26567
26577
26579
26579
26579
26580
26581
26585
26586
26587
26593
26595
26609
26617
26617
26618
26622
26624
26641
26641
26648
26650
26653
26654
26660
26662
26664
26670
26672
26678
26688
26695
26696
26699
26707
26707
26711
26711
26712
26721
26721
26722
26724
26731
26735
26738
26757
26758
26760
26765
26766
26782
26791
26792
26795
26797
26800
26807
26809
26811
26812
26815
26815
26818
26823
26826
26834
26835
26854
26855
26855
26856
26867
26875
26881
26883
26883
26889
26891
26893
26894
26897
26899
26904
26912
26922
26922
26923
26923
26923
26927
26944
26949
26954
26954
26957
26958
26962
26966
26967
26968
26974
26978
26979
26980
26985
26986
26990
26991
26992
26997
27003
27006
27009
27009
27010
27011
27011
27011
27023
27030
27035
27041
27045
27047
27048
27054
27056
27059
27060
27069
27079
27083
27103
27107
27108
27109
27111
27118
27121
27126
27130
27145
27146
27150
27151
27152
27160
27164
27165
27168
27176
27185
27190
27191
27193
27194
27205
27207
27214
27219
27219
27224
27225
27227
27232
27240
27242
27243
27243
27244
27252
27261
27262
27264
27269
27273
27277
27283
27295
27296
27304
27304
27307
27311
27311
27314
27320
27321
27322
27330
27343
27346
27348
27349
27356
27375
27376
27381
27384
27387
27393
27395
27399
27409
27414
27415
27420
27433
27433
27434
27439
27439
27444
27444
27449
27451
27453
27454
27454
27468
27470
27482
27485
27486
27490
27491
27496
27503
27507
27511
27514
27515
27520
27522
27526
27533
27536
27539
27545
27547
27555
27559
27568
27568
27570
27581
27590
27590
27593
27594
27600
27604
27610
27614
27623
27632
27636
27639
27641
27642
27644
27645
27647
27649
27650
27651
27652
27652
27665
27669
27672
27675
27677
27708
27714
27721
27725
27726
27729
27733
27737
27740
27746
27749
27755
27761
27762
27768
27770
27773
27776
27779
27779
27781
27782
27785
27794
27799
27799
27802
27822
27823
27826
27829
27830
27843
27847
27852
27855
27861
27868
27870
27876
27879
27880
27883
27891
27891
27894
27896
27899
27902
27903
27906
27917
27921
27921
27921
27925
27927
27927
27929
27934
27939
27944
27946
27958
27969
27969
27976
27978
27982
27990
27991
27992
28001
28007
28011
28012
28014
28018
28018
28021
28021
28026
28029
28029
28035
28043
28052
28058
28077
28078
28081
28083
28090
28091
28094
28095
28095
28095
28095
28096
28101
28102
28102
28108
28112
28114
28114
28119
28119
28124
28128
28139
28151
28155
28157
28170
28171
28177
28178
28180
28184
28195
28195
28200
28204
28206
28212
28222
28223
28224
28225
28233
28237
28237
28238
28250
28257
28260
28265
28278
28291
28300
28303
28305
28309
28315
28318
28318
28322
28322
28325
28327
28333
28334
28339
28340
28345
28346
28347
28348
28364
28366
28371
28382
28383
28385
28390
28398
28407
28410
28411
28420
28428
28428
28428
28430
28434
28435
28436
28436
28439
28448
28450
28451
28451
28463
28466
28467
28469
28473
28477
28479
28480
28481
28487
28503
28505
28509
28512
28516
28523
28531
28531
28540
28540
28544
28545
28545
28547
28547
28556
28556
28557
28564
28566
28567
28568
28569
28570
28574
28584
28585
28586
28592
28593
28594
28599
28600
28604
28607
28607
28609
28612
28618
28625
28626
28630
28632
28638
28657
28662
28664
28682
28686
28691
28693
28693
28695
28705
28708
28711
28716
28717
28719
28723
28728
28729
28732
28732
28745
28747
28764
28765
28765
28772
28782
28783
28783
28785
28789
28795
28812
28815
28816
28818
28820
28821
28827
28831
28833
28841
28855
28860
28863
28866
28879
28880
28881
28881
28882
28892
28902
28905
28909
28911
28915
28921
28926
28928
28928
28928
28934
28943
28948
28948
28950
28965
28968
28971
28972
28972
28977
28983
28990
29000
29005
29006
29011
29013
29015
29016
29022
29031
29034
29034
29041
29043
29046
29053
29058
29088
29092
29092
29098
29099
29112
29115
29118
29118
29124
29129
29131
29133
29133
29134
29144
29153
29155
29156
29157
29160
29162
29177
29184
29184
29189
29193
29194
29205
29214
29224
29225
29229
29230
29235
29239
29240
29241
29242
29251
29267
29268
29272
29273
29275
29276
29278
29282
29282
29285
29285
29287
29291
29292
29298
29301
29302
29310
29322
29323
29324
29328
29331
29339
29344
29345
29349
29362
29363
29363
29366
29368
29370
29370
29370
29372
29382
29384
29393
29393
29394
29401
29401
29404
29407
29410
29415
29416
29421
29425
29427
29430
29432
29433
29433
29435
29435
29436
29437
29438
29438
29446
29448
29450
29458
29460
29463
29466
29475
29477
29480
29480
29481
29499
29507
29515
29516
29523
29531
29532
29533
29534
29535
29536
29545
29552
29558
29558
29566
29566
29573
29573
29576
29578
29578
29580
29593
29596
29602
29603
29603
29605
29605
29607
29609
29615
29615
29616
29622
29625
29628
29631
29632
29638
29640
29648
29649
29657
29658
29676
29677
29709
29712
29715
29717
29719
29720
29720
29721
29721
29726
29727
29730
29730
29731
29745
29747
29760
29761
29762
29763
29769
29789
29791
29793
29805
29806
29809
29819
29821
29825
29827
29829
29830
29842
29842
29848
29856
29858
29859
29861
29861
29862
29871
29878
29879
29885
29897
29899
29907
29909
29910
29912
29918
29919
29921
29922
29922
29926
29928
29931
29931
29936
29945
29947
29950
29951
29951
29952
29957
29957
29958
29962
29977
29979
29982
29987
29990
29996
30003
30006
30015
30017
30024
30028
30031
30034
30036
30037
30044
30045
30046
30048
30057
30065
30067
30075
30076
30076
30077
30078
30080
30084
30085
30087
30087
30090
30092
30104
30108
30111
30112
30113
30114
30133
30149
30149
30152
30157
30168
30173
30177
30178
30179
30180
30181
30189
30189
30193
30199
30200
30203
30206
30211
30216
30217
30219
30223
30224
30226
30227
30233
30236
30241
30244
30251
30261
30264
30271
30276
30277
30283
30284
30285
30286
30287
30287
30294
30309
30314
30319
30320
30321
30328
30332
30333
30350
30350
30353
30357
30360
30361
30375
30375
30380
30389
30394
30401
30418
30420
30422
30426
30433
30436
30443
30444
30449
30456
30459
30477
30486
30487
30490
30491
30492
30492
30493
30496
30507
30507
30512
30523
30523
30523
30526
30530
30535
30536
30540
30541
30542
30543
30555
30562
30562
30563
30581
30586
30591
30591
30593
30595
30598
30604
30607
30608
30609
30615
30615
30631
30631
30633
30634
30643
30643
30644
30644
30648
30658
30668
30673
30680
30684
30685
30689
30692
30694
30696
30708
30710
30715
30721
30721
30722
30724
30730
30732
30734
30736
30737
30737
30743
30743
30748
30759
30769
30769
30771
30777
30777
30782
30786
30792
30798
30798
30809
30813
30815
30826
30833
30838
30843
30848
30859
30870
30870
30879
30880
30882
30900
30901
30902
30905
30906
30907
30914
30915
30928
30932
30932
30933
30936
30944
30947
30947
30950
30951
30956
30956
30961
30961
30965
30968
30973
30973
30991
30991
31000
31000
31001
31006
31006
31009
31015
31018
31019
31019
31020
31021
31026
31027
31030
31040
31042
31042
31046
31046
31051
31053
31054
31055
31056
31060
31062
31063
31064
31065
31075
31076
31078
31099
31100
31101
31103
31108
31113
31115
31120
31141
31145
31146
31146
31148
31153
31158
31165
31174
31178
31179
31181
31182
31190
31192
31193
31195
31196
31200
31213
31213
31217
31222
31234
31235
31249
31254
31267
31267
31271
31285
31285
31285
31287
31288
31297
31301
31313
31322
31323
31329
31338
31349
31349
31352
31356
31357
31360
31366
31368
31379
31387
31389
31389
31391
31402
31403
31404
31405
31414
31416
31418
31418
31426
31432
31440
31441
31445
31445
31450
31451
31451
31457
31463
31466
31473
31475
31491
31493
31495
31497
31499
31500
31507
31508
31514
31515
31518
31519
31532
31542
31544
31562
31573
31578
31588
31589
31597
31599
31603
31606
31614
31614
31616
31617
31621
31623
31629
31633
31636
31648
31648
31650
31659
31663
31672
31672
31686
31687
31688
31697
31700
31715
31717
31718
31730
31736
31742
31742
31749
31750
31753
31760
31767
31770
31776
31777
31781
31799
31804
31807
31811
31811
31819
31821
31827
31837
31841
31841
31846
31846
31852
31860
31862
31863
31866
31869
31870
31871
31874
31878
31880
31881
31881
31882
31886
31888
31901
31904
31909
31910
31917
31918
31919
31921
31922
31936
31941
31941
31951
31962
31967
31967
31974
31978
31979
31981
31982
31982
31993
31993
31997
31999
32003
32005
32009
32012
32012
32018
32025
32025
32029
32034
32042
32042
32050
32053
32056
32057
32058
32061
32064
32066
32076
32103
32103
32104
32111
32113
32120
32121
32123
32129
32132
32135
32136
32137
32143
32147
32147
32148
32167
32169
32171
32172
32173
32173
32176
32180
32182
32191
32197
32213
32216
32225
32231
32231
32232
32234
32239
32245
32246
32249
32256
32258
32264
32276
32284
32286
32293
32295
32299
32299
32302
32316
32324
32327
32331
32331
32332
32337
32338
32339
32341
32342
32351
32352
32356
32356
32357
32358
32371
32372
32373
32380
32384
32386
32391
32399
32401
32403
32403
32425
32430
32438
32440
32441
32442
32443
32444
32445
32446
32448
32448
32448
32452
32453
32453
32455
32462
32463
32474
32480
32491
32492
32494
32495
32517
32521
32521
32524
32535
32536
32538
32539
32540
32548
32555
32557
32563
32565
32566
32566
32579
32580
32581
32603
32605
32609
32616
32621
32622
32626
32632
32634
32635
32651
32652
32654
32659
32664
32672
32675
32690
32693
32695
32698
32699
32702
32703
32704
32705
32707
32707
32708
32709
32710
32713
32722
32724
32726
32727
32727
32729
32733
32736
32737
32737
32743
32744
32746
32754
32761
32763
