3810
6239
20559
15094
4924
25743
19288
13802
27526
18564
9811
30830
24050
13603
3665
21567
28636
29224
9226
13318
31954
2975
28296
16625
2020
20128
30228
23954
13101
12622
4958
29180
2466
16914
16112
17691
1818
31253
27860
24404
2718
3836
16517
12895
7923
8168
9492
609
17766
22956
5531
19533
11992
28241
8679
9596
3849
31688
31585
20619
30249
15854
5693
885
23708
10181
10983
6898
19725
16369
9130
14095
22711
23666
17059
32014
16880
6561
3045
31360
2295
10348
16366
26017
18175
20438
29258
14068
891
15785
2182
22559
28588
638
11607
25609
13417
21744
1035
13362
15918
30749
10289
14162
13161
24925
17797
19765
256
31046
21534
9174
10534
5088
17627
20923
16479
31781
10762
10640
17618
11965
10331
775
15311
8183
15365
29935
16801
10507
7734
15507
30613
30863
22209
20054
31818
8759
17923
19340
23100
10705
13078
22938
6284
9600
10809
5714
23058
21304
14207
9609
13989
15738
18872
5114
15017
19281
18845
2911
14555
22414
12607
5070
23129
11072
12210
24145
6389
30582
9461
21705
4027
10808
549
27397
19904
15043
23010
27934
5934
18693
11522
18198
16525
11353
16245
432
4179
19844
376
28818
21167
26608
22782
19866
2963
3623
22363
15741
29440
3475
10035
31142
10134
3444
16035
6990
17243
1314
8621
17368
16075
25989
16617
7791
20001
4562
16490
30434
9445
904
13039
25023
19383
13738
5451
12719
29786
13118
5654
13842
30724
25862
30101
32475
27620
31357
2536
8621
30709
2581
13171
15414
23554
17584
19854
12236
20218
22621
26480
21063
9334
24148
20824
4126
25736
28724
18942
15301
16839
16507
22587
1606
6552
21062
7412
23838
27326
11339
10572
10586
28197
8980
9482
11251
15851
5758
20807
29542
14000
15985
13149
9879
32543
25313
29709
8424
25021
6918
16112
7061
25841
28631
11808
24659
19797
32205
3622
16681
30268
29142
1575
20878
11395
32151
28747
7364
30621
7911
28270
21876
31962
22152
1803
14987
26871
10791
22117
11604
3052
3479
8183
13526
4849
3914
19486
27248
3282
25617
7685
2995
9333
11797
11729
11648
15785
6933
29454
19555
24625
13794
27482
13871
7440
1816
10576
2266
23063
24862
22455
17050
12205
29537
31980
8001
17631
204
2701
16086
21928
21899
1383
20853
20353
22529
20898
17513
12332
20744
28459
11399
4798
18280
12899
27085
5867
2714
17670
16444
3734
18622
31581
25075
7577
19418
18855
9869
14290
14933
26053
27580
10606
30387
24870
23334
5497
31379
18163
4479
5799
18662
2683
25321
28253
21361
20960
14472
28163
28550
26883
17258
1677
13822
26798
150
10824
27259
24065
19058
27874
17884
32287
29530
3517
16385
12825
9598
22645
13504
1818
1021
1968
40
20180
18751
5669
28149
31787
24216
10735
6227
2081
10522
1556
4568
27394
1979
11857
30396
30160
16040
10536
16730
6129
19433
3117
32236
23831
24886
16013
14723
12145
32536
7647
18501
10768
27971
28975
16108
1947
3123
22088
15227
31031
15367
5442
22850
29105
21658
1613
27668
12526
27368
30140
24263
7061
24479
12885
20718
11002
29444
12759
20435
334
23050
30669
18103
28165
4269
10899
589
28296
26003
678
25460
30493
31462
48
7477
4115
14444
4819
6653
4914
27369
8117
25627
5473
3255
4557
11645
18585
29603
24686
21159
25099
24585
14354
29940
20621
10547
12648
2065
20298
752
17055
28343
8363
6257
22261
680
32128
30824
14460
9197
1139
3683
14380
11086
13743
9574
16431
23570
18124
12232
15464
12536
23294
20560
1349
8309
27519
24719
14534
13360
27706
28800
11726
4028
30905
31583
28074
17045
5456
19911
24543
349
20619
22799
5177
8791
20694
28646
22288
31013
6763
10285
31709
28094
6529
24084
2558
27314
15539
5241
14278
32418
11182
11901
24521
19707
26143
15976
23654
10738
22235
26048
30101
32197
10065
676
19699
19248
24365
9838
29707
29997
7246
4489
6375
8177
28395
12431
29911
18723
9728
22183
27008
29535
6143
12575
30761
235
13237
12357
32578
6584
25978
24971
27190
14493
7325
30426
16242
15311
32014
30518
14518
5284
2381
21652
20891
29320
20628
25336
30821
1344
27968
27859
19724
12894
24453
24732
6789
23045
4179
21421
30293
1759
2179
22112
12889
9564
10311
21866
3279
7725
27344
1143
19113
28672
577
3591
10259
9341
22483
1160
19267
15488
15434
20661
9600
28569
21657
6446
28278
23234
3793
24408
9656
31327
11088
19832
18070
2939
9767
29195
6690
12353
3275
25704
21373
29626
3072
3737
25191
2246
16898
6262
10247
24668
8438
12291
31223
29446
28049
11020
8083
22935
9735
15871
13699
4400
23863
17418
9095
1651
22037
21621
4226
17413
27479
8513
202
24650
3939
23298
2735
1628
28792
5626
19785
13901
3356
27767
5511
6302
17607
23151
23925
255
12494
3673
4557
31817
20882
11086
18881
1465
23529
14433
23816
16239
13004
14651
1063
18983
22851
11259
28418
6199
26766
26700
32162
22472
22165
7112
1864
20569
6289
24461
23475
20337
28156
8990
27311
163
24503
26749
15839
19656
16251
3461
12491
7289
13186
7821
4909
6603
6774
28219
8568
19790
21402
28325
32682
12872
14135
1967
8788
7726
19273
26273
20966
5988
107
775
13376
30518
768
21710
2167
29463
27811
30620
228
26905
25041
14191
26483
2988
26581
17018
30762
18587
32501
31804
7672
1859
19675
11747
32192
6679
25414
4064
31654
32593
28401
26827
9881
19706
23236
15737
13857
25629
13113
20059
1643
18247
22034
24090
16018
12355
14905
32112
3376
16660
23543
22602
10021
27699
6489
16412
29863
28682
2784
28548
6282
432
9320
17186
15825
743
10842
25526
22390
24403
18198
7548
15991
27901
19611
24773
23073
27656
28281
10198
16033
434
32760
15877
28104
19086
650
9234
9758
24576
4206
3524
27691
27897
28583
13508
14849
11764
22812
31934
270
30769
16400
9398
27168
9265
9669
424
32697
30579
17772
32355
11926
26989
9297
23720
18554
24525
21060
29566
30016
15857
26186
26328
15904
25508
901
5226
8001
30491
29281
12744
19328
5679
6657
22465
3712
19165
26089
30459
30962
24315
25580
29136
17190
27453
9816
22376
4563
15720
13921
31767
2339
29140
8907
27385
23042
23592
30428
27851
13736
6994
9601
8205
21349
29893
13503
24150
29868
21239
13661
27383
4963
793
21200
9940
9834
3609
1895
17791
10346
18646
16567
16277
19679
30627
73
32350
3944
8446
17539
31904
2383
27538
17876
22724
14676
9066
21540
5164
10687
17015
24699
31699
8357
6214
32496
30247
18041
27898
27860
12835
28375
15248
26400
29617
28557
24404
23836
31039
12779
20638
19282
13984
27213
19666
19122
24869
8678
1431
8199
2299
32462
13143
22425
15304
30287
9976
14628
27777
21868
14040
8185
7311
19379
8975
883
546
25669
19680
15261
10197
6435
23936
20001
16771
27835
14348
20340
12904
13746
21189
9279
124
2292
21390
12049
12557
28154
2983
13892
19099
18779
11947
3629
30712
10646
24777
21384
2208
25118
30783
16930
19031
8359
3612
29640
30721
26800
14902
4976
14790
8529
5737
20646
29286
8519
25875
7994
21978
25917
30413
3880
1324
23645
11115
18632
11160
30487
10806
31030
22756
25649
11625
15108
5373
10256
31977
18207
26835
31301
29769
31231
22646
5467
12286
30995
2673
25823
15839
1132
6247
15793
27872
16552
17644
3211
6160
1313
4774
9935
2256
31319
30885
10645
19541
5275
12287
4853
6241
14078
22192
401
6973
2681
25520
18023
21243
21854
10326
13525
18410
24319
23277
23790
18010
11164
26260
7164
29585
7314
31835
12117
23053
16578
8603
13667
18684
24896
14230
18671
8954
5693
14416
8877
30730
28727
9389
27918
1751
351
24524
13889
300
21322
29603
11403
12209
5340
31451
4297
20711
3186
11246
2882
20327
6735
16767
20147
11095
22345
15353
13717
13101
7093
14444
17841
26536
31375
22692
17895
9995
31982
30859
21050
31644
10663
11457
6688
10589
9537
18041
13577
22282
30233
22679
14638
28244
14550
31240
156
3932
20752
16737
18560
13169
25148
13755
5812
23310
7387
12493
4491
25359
11235
28236
13785
23860
20078
17536
5958
2008
27041
16935
5845
16626
7903
11662
15280
4172
12847
8430
6710
9475
19691
16389
30023
25152
26795
17141
1487
22325
28273
21089
5265
15963
22038
28870
21046
24554
20981
27927
6549
29592
21206
6812
2117
23959
28700
18956
6497
25289
51
16361
11930
12358
27956
9245
13187
21008
4571
9939
18201
29973
10923
22167
6034
4198
10080
25521
23655
20919
26773
19646
6820
26903
13750
12432
8048
4080
30505
16712
23768
26434
184
5298
5344
2331
30786
19937
32460
26971
9378
23564
21163
24998
12512
19111
26405
1194
12183
24261
19847
5267
27302
32173
6156
14539
19227
6332
13934
20214
25948
6779
5293
29486
30103
4352
26655
7035
22637
4490
22201
25239
19418
4440
25756
24032
1128
12234
21475
6813
25236
11707
25260
7797
21632
3613
4965
1837
12251
7127
27480
9633
4110
20699
21370
12294
1193
23180
1904
26462
7180
14159
16099
19516
5722
10607
32005
16058
19611
31543
12900
9656
6192
20554
7407
31063
18044
70
4678
19636
25808
13977
8262
13033
28824
21410
12245
6978
14276
19213
5610
188
30073
31592
16097
2244
30457
15114
24574
27950
21712
5670
23359
19827
3137
31274
16743
17199
1264
19038
7751
21978
20177
6586
31567
10694
9296
1544
17494
1626
31938
28731
31398
3981
15115
3598
25164
20133
17553
4320
5534
26162
3169
24015
11021
3397
24225
4884
22828
11766
30774
22175
17665
17173
14006
10739
26252
20783
27792
16195
12182
5829
9593
3022
24764
20424
26394
4984
14523
10329
14841
10666
27134
15038
1702
9067
613
13480
4902
14015
12632
32676
11428
832
6156
2270
18775
32763
4117
1054
11950
19085
5165
17916
26563
4991
14147
4455
6142
9182
21959
29782
30217
14367
27957
4044
31477
11313
17888
26386
4522
13540
23297
4656
21140
8826
11519
28589
6027
26763
27137
12681
29700
26398
6322
24952
23927
12549
12628
14432
4112
19321
20744
25877
31641
8951
29532
7763
17575
12634
24085
7164
9732
4409
11071
21396
15965
31363
7539
5114
5676
25689
10856
23657
27113
18476
26558
2735
1132
16920
17926
15532
13734
2688
17941
269
12673
1258
5258
13130
25364
24605
14237
7902
12
888
15147
17862
26710
17813
1792
26173
7698
10271
19299
7094
25012
5361
12264
14105
15996
22641
12402
10818
4889
21803
21638
8888
25241
11441
11480
12202
31124
22962
17168
3888
13209
30552
26589
32447
27865
12776
2876
10989
27667
7317
2826
6759
20671
26788
9161
12336
20862
14791
28591
8476
22210
5043
8181
30860
15801
7427
23645
2155
20352
13137
29957
24681
14469
3218
21100
10359
3133
25010
20418
31363
8456
24178
27508
6005
20577
21118
31224
4970
26442
24530
18134
21808
21239
8782
20471
1282
21945
3224
1842
18053
20526
30259
17941
23043
27303
5853
24560
230
10970
27437
32296
16759
16841
15982
12986
26073
7666
21942
27918
21057
3512
30794
15614
3703
32273
20791
4135
7826
8562
26153
21871
1776
2808
8079
13015
6004
2519
7665
14723
23043
20744
22673
17415
16449
14126
16705
27380
27785
6858
27012
15266
12843
13984
25832
7488
10473
29289
25763
4123
28596
31674
18541
13099
31395
13108
8349
15332
2101
14830
23943
19514
6600
11039
10260
21238
2905
19984
8099
25145
9853
19521
31008
10317
19616
14298
15204
30388
5246
28246
5324
875
30431
9067
1564
20607
26263
8252
24214
26067
28605
706
17750
18736
14891
2423
19440
24718
2870
14149
17997
10913
8879
23471
25539
31143
3866
19263
17780
7281
21806
21551
3561
8624
1677
15195
9711
8578
9156
19814
12976
14653
25990
20524
30998
9595
18725
24680
10845
9830
31826
1959
22007
6725
1046
5740
31908
31303
15120
3749
210
9616
752
10830
28722
9858
17716
19044
25244
24141
7970
23052
27174
17081
21766
29188
20607
6707
26798
18507
7569
25111
28451
14348
9047
19261
425
28113
2812
30918
26105
997
7989
27944
18877
6922
20448
20856
11597
15196
10974
759
22953
2437
17965
4832
32182
7203
22346
9329
20157
32118
29638
21816
18466
9550
14119
7072
26209
30516
18945
18363
31054
4312
1621
4690
27021
29883
13610
26155
3408
23837
8554
20377
26704
17193
31743
15946
29454
26207
19758
1357
17740
24642
28467
17762
16326
4164
19998
11655
4406
27630
26861
15807
12935
32596
20459
30757
13912
10680
7241
11314
1972
25214
7418
18507
29712
4688
13523
23950
7302
19602
9700
16862
10833
29960
17937
31789
25225
7621
22773
26377
29983
10584
2808
13674
8988
32051
18862
17850
6166
20571
30067
28454
4851
25174
10309
13604
14818
9810
3554
3397
13718
11922
2338
9021
28613
25630
8855
18224
4321
22187
31842
29247
6422
12488
18264
3411
12420
7243
30039
26153
2750
8955
9442
32414
31107
22399
516
8765
2747
21127
6243
28166
19893
20537
21154
13953
7072
31198
8957
30723
32583
10189
4384
15680
6161
10136
10567
10258
5177
21110
2204
2185
7753
32753
717
11827
23005
8400
7405
24493
19350
3655
22926
9322
18525
22877
4636
19651
18394
9886
22907
25664
13875
25091
9188
31269
8457
22303
12285
27712
23473
31115
27959
8178
30383
27027
23405
21885
9849
289
8122
397
30058
29930
19099
22792
23812
21976
2886
31514
8810
32440
19530
25980
4637
14885
30056
7942
30454
11444
20144
17525
26725
20321
16608
25470
19432
1594
28409
20499
9679
8010
25891
24564
5422
17864
22723
14457
5923
13697
13786
6815
27977
14979
30113
22866
17277
18699
31331
26106
28880
14769
27802
8008
28620
30162
21837
20034
27116
8254
29097
32141
29270
1571
31711
5883
19419
25658
25917
29525
22065
19504
15760
18538
32367
13911
17336
8536
20170
2957
23437
19738
31119
13165
25842
28498
31584
29365
12344
8025
12466
9720
2998
16772
31367
9348
9894
1721
20073
22422
17729
15923
19880
20925
542
26002
16340
29324
6344
8998
3197
25220
30111
5757
4138
29504
1777
11051
26775
12258
2905
23001
5172
10686
22871
912
218
19782
23600
21319
26064
19253
16904
20908
1278
25088
5950
5936
12144
4986
19208
18517
10510
4806
22864
18492
18330
30338
5582
19817
26859
31537
21606
17626
7272
25065
27332
12105
7111
14143
18230
25789
28423
3696
6345
27223
22444
31953
17575
18011
24379
24953
9393
32381
9461
17708
19288
11374
18135
24203
18625
21671
466
1658
11545
27509
25927
10450
17461
13381
13766
32072
18031
26418
23304
5277
31420
18637
29994
1544
1554
8236
29996
18657
25593
14133
21674
1678
17520
20780
18649
28851
19202
17275
3269
26517
27433
7362
7881
31952
24035
1567
3407
7738
27795
19135
11977
29974
3354
12709
24816
17789
2870
5562
11068
23050
15130
26646
24740
18373
29007
2189
7320
5714
15306
8318
14139
6234
6223
27608
3301
58
9221
7277
13529
31979
90
17275
835
27442
26906
28024
29301
26376
14283
23582
20323
18764
20555
2743
17756
23975
12973
26795
9483
23744
11856
30279
686
30370
29249
12239
1941
31082
30420
29384
4829
24629
31869
18815
1390
22088
7156
18653
21811
31362
9097
27759
17305
28415
15813
7345
21322
270
7491
19355
22827
30037
10701
21359
17556
17475
27322
961
31439
21175
10886
2247
25043
29422
4020
6370
30274
14770
9953
5229
2208
29633
6697
966
32213
18299
4543
8091
12006
20177
31175
20343
17392
13674
10615
19085
9830
10006
10095
18116
26252
6777
1877
25090
12339
17392
7349
12733
10934
15559
32536
9408
24629
10910
7010
9019
2065
29465
20081
6414
20648
18375
17652
22103
1106
5717
7304
29242
9628
10484
538
7152
24260
775
18809
1555
24693
17938
14906
22568
3011
10975
3537
21101
874
23282
23277
4069
67
13871
27156
4770
1288
20682
12159
1618
19785
13680
26168
25869
5038
14259
2162
27230
2926
25275
8488
143
10512
20523
13050
5178
5729
29522
12356
31245
28086
9364
16512
21213
6244
30999
20190
6638
27773
12977
7714
18817
26060
21521
23997
16799
5651
9517
31791
23845
10372
13292
12956
24849
5245
7445
1454
12812
23432
10616
14250
31799
28307
2907
26581
14650
5740
18471
23306
16523
31616
6740
10644
19964
10453
22418
20049
10888
9797
10041
21258
25438
1532
5363
5645
15151
308
19367
25868
16821
48
1193
26938
15748
10615
30497
8356
21525
21587
21433
24781
7184
31369
6283
7821
1498
1370
18761
30508
18015
4538
22446
14010
12321
1999
18470
22449
9857
8621
24249
14286
5966
15697
24637
32301
9868
5595
13245
28323
30853
16400
28708
9825
17942
1552
8750
32198
10035
32340
22160
2948
16317
31211
13414
1271
14981
9717
13278
30658
16032
31840
15651
6316
19182
24546
15245
9145
9189
32567
28934
2444
16291
23452
5567
26109
23604
3724
4117
31734
11296
10938
20670
12947
17721
21583
7992
20346
15779
27750
25203
27256
8996
27588
12733
22108
14510
18652
14831
31513
9770
1283
17110
23831
1671
15600
24804
19929
3
22647
7960
470
21177
13702
11563
1936
2412
27232
24060
23546
14482
31513
574
6153
30628
7763
27488
29592
165
27959
8892
6530
8689
6838
8452
2298
28232
3585
4586
46
22299
31815
28687
11292
7445
23982
1327
6580
17133
22932
6794
9263
28267
1543
26005
23727
25529
5763
31970
10008
1772
21995
24909
2094
4051
1994
26472
24815
23551
3274
3369
4915
2835
26229
2002
19330
20813
30252
5666
27702
11349
4965
25274
21970
26182
21801
721
2209
4858
10957
23836
23442
29595
8175
1272
17492
27751
26549
21978
27821
30915
2882
23289
4384
18819
22393
20282
25792
31097
26102
16732
30286
1084
23881
10340
21146
27450
17525
29771
24600
13568
1448
26342
12224
13001
31805
16663
16172
14406
10736
4146
26605
12717
28512
10162
30766
17412
25546
4893
12428
25519
10244
3125
9012
3385
20665
16736
12351
3167
17379
30810
6986
32099
9614
22809
30298
29839
12235
27904
24047
30727
4594
7753
16998
14292
13085
17324
14996
12334
29666
1109
7072
8714
19280
8197
21025
3556
23340
26502
14457
7374
22381
29013
26225
9146
23797
22155
13846
11524
5010
1037
31187
13379
14133
27637
8144
81
25713
9023
16010
18329
17463
14264
18099
2720
29392
18980
22092
20694
15900
14511
26881
13215
5897
26006
25029
25501
21078
26134
10670
5185
5258
9621
24595
31122
1327
18703
22499
17468
9556
24260
24137
18395
25922
9760
1662
14218
21886
31722
30446
9383
3839
14001
29582
11241
11953
32628
8573
31910
41
29328
16345
9821
13227
5360
20964
22667
15194
26991
30296
172
11198
12945
26632
29327
15227
11363
25528
1759
15952
19120
28477
23535
14158
18277
15833
9413
24155
3399
11729
12906
13542
19155
6992
9073
1516
14709
1152
26054
27948
25838
15078
30393
16806
32511
7679
3403
32602
2907
6937
6840
3135
28620
28275
19780
29825
13476
24984
331
31231
358
761
19587
4869
8630
4810
3989
13382
7806
8478
14812
541
14178
6470
11132
17669
18535
13926
24999
15702
26591
7513
22828
12866
18583
6088
21313
22544
11332
11397
26770
27031
29227
4398
5769
4349
3601
12543
13024
31665
29538
17655
29029
13735
16549
14639
26637
10195
14111
23414
15676
21993
19143
3889
27732
14163
22122
626
19580
18290
16415
8280
17842
10521
6637
15527
24596
31048
2747
13479
6507
11557
2937
322
11512
5952
17550
30297
14723
28680
6017
11110
29090
32137
8426
18776
16967
13928
16028
14763
7053
31777
26124
29384
18372
18559
22277
23964
31931
27228
30350
4219
4941
11674
24091
23351
4398
2658
27380
24700
28919
14236
23012
14447
21616
15535
15138
22663
3358
24186
19076
15531
9998
915
30690
3469
25056
27583
11209
16454
17430
22193
5217
27442
13471
30216
1697
19470
18079
18051
16305
15185
9089
11398
4767
2248
16191
28627
20038
32117
17137
29313
26492
32424
22932
16193
13179
3679
19229
19154
16018
9436
4542
1217
2828
8069
21880
4966
17505
16640
31202
22300
12956
32399
10808
4288
31244
5801
4007
18284
29486
11482
7639
18805
9947
26332
8634
25763
15022
18167
32404
12719
22968
16278
17739
3843
25960
15402
4593
9901
31412
6980
23439
7076
6029
21998
8756
14912
27778
20554
10046
18420
9907
3950
7145
20045
15864
20606
29205
32048
4947
15627
15196
80
27540
14508
16980
25582
4683
987
18977
25813
12531
12306
8255
18325
9820
8486
27790
4863
27225
6116
27551
18913
18859
490
32574
3
1581
2759
16704
26210
10050
10838
1166
10923
1660
11351
28786
17915
25742
27984
8737
5846
4724
18595
138
25189
31457
29680
11870
6388
6121
17326
18016
31148
8431
5381
19951
29069
31953
22766
2513
20911
17491
31885
8513
14521
24777
10958
15164
19362
4873
9023
521
6567
28304
8750
14599
18317
5364
5636
20667
24089
15754
7648
9498
22477
21847
3447
21011
18916
17212
29227
19040
17552
7262
21866
7310
18034
21716
14410
4683
24411
14485
1122
5616
24130
14496
28139
2639
9861
22637
792
190
2148
18324
25779
31076
14523
29628
25593
6595
17408
7878
438
1414
6269
17723
2724
17805
974
24820
19714
26935
16285
21512
9073
19951
27037
2043
20755
14585
709
3364
27366
12158
20942
18015
19038
14551
17648
27892
17729
30486
11992
30920
9928
16859
31469
14530
9716
12117
13509
10112
21806
14231
32482
18491
18210
24093
21681
6136
25821
3486
13253
24305
12581
4628
2127
28227
29977
23818
30946
5593
4618
37
28006
24216
29848
2550
27994
21708
25873
12543
12622
28370
12550
30979
928
23559
27183
16019
19574
18417
13953
21718
25852
23980
28046
8600
3551
6040
32540
25494
9482
10049
24329
3848
30368
399
29279
27760
17722
23343
14771
26018
25954
8513
13507
11540
2128
14915
15183
11112
4579
6973
18232
24376
5603
32046
27607
6945
22646
16055
30368
19986
28128
15878
29944
16854
21887
14085
6995
31712
11270
29124
18834
11351
20729
19749
10396
22370
7018
29126
7483
9397
31218
14644
3129
348
6642
5453
11195
32711
29195
1014
24029
8727
19420
23295
20622
31400
10491
30803
24238
20191
7990
8804
28263
10293
2059
9429
18633
32644
8037
30058
9898
28306
28057
27950
28348
5083
6305
25059
24815
5284
30871
11182
11017
26941
2933
25347
8836
24469
9228
25295
8104
4
28738
23269
13801
16469
12944
32427
17795
12563
19131
7174
8788
4374
27089
9859
19449
29517
3432
710
29485
25293
7699
7736
18526
12571
19749
7916
20369
23222
3497
14291
13687
11752
17569
27937
25040
8143
3199
21758
17153
31655
10210
8306
3825
22617
32658
30859
29993
73
18366
31696
32300
14173
10356
26602
5139
2889
1378
15249
28781
6691
16587
23733
27477
31523
5581
3823
26581
13754
26065
17959
22907
29399
5459
8582
7994
21621
21460
6814
12163
8040
27420
13528
20900
9065
29109
14622
24672
3425
31909
18890
20944
4083
11371
23247
122
3660
12604
23078
29103
13614
8830
5244
5418
11835
17798
8730
14822
22911
8078
26644
13376
14658
28410
31157
29006
31756
26573
26155
29566
20729
20325
15983
29811
29246
21375
24440
10268
4604
14439
19616
23831
5445
14974
9814
30277
18796
16114
2310
31149
32658
12218
24645
12438
14958
7888
31297
5345
23132
3251
26472
1956
29609
28188
29272
3341
15133
19711
15367
2421
13514
8390
18484
15299
4372
14793
1549
28932
25602
23569
8482
11592
8900
25934
9865
17856
4996
6678
19027
10261
7025
30304
22831
19211
5898
7488
8797
1110
10408
17381
26070
16316
10575
13264
4794
21357
10166
16471
25082
28064
8596
19289
6470
22382
25389
13635
569
2291
14621
21571
25027
19107
24677
20172
31703
24553
24755
30027
28502
30471
15606
30503
30268
23082
9762
3839
22026
7628
7233
543
3187
18511
10683
3907
1098
11992
9446
10385
24235
873
9169
5329
7273
20545
3661
21487
13240
23672
31293
25267
24092
13783
15904
14782
10897
23542
26076
9161
8188
18585
30157
18202
31697
20812
10254
32327
22790
7740
4103
23599
19257
12889
20535
30518
14877
16554
20035
22464
2346
19184
4416
9712
22405
17790
13885
29346
25645
15448
10005
14247
25192
13707
32627
27456
19053
19660
19494
17117
29267
17492
4263
279
31545
1787
16104
27371
24247
22419
3423
16440
10373
10631
22355
21372
10346
24245
29542
7371
10344
26248
11364
25617
29478
31322
18507
24201
13982
29449
18842
23421
3847
29655
22239
23615
17925
26248
29819
13160
4623
1206
31929
1872
25121
27255
527
21454
420
28211
1971
18225
8346
14783
15457
5758
3086
24767
9068
9452
8891
28730
22531
6814
20988
13182
22214
18080
9972
10806
31113
26660
16382
27594
4456
15102
10838
29688
19211
25437
30729
5296
18747
5323
6684
2356
8614
4200
19192
26224
10223
22115
5406
25751
13049
9913
16904
15872
18549
11570
15709
8000
23210
29848
14426
25736
1156
32058
6525
8256
28640
4770
1139
9957
21015
15506
1604
7200
10952
26437
12733
15655
12523
7908
14366
25689
6675
31302
18949
533
10243
4332
19610
1755
10357
6205
12028
31399
21286
1022
27628
15753
12837
17941
953
11656
94
2431
31339
11705
10850
1166
9779
19100
23929
15976
23059
30647
20714
25533
14537
8822
13705
1736
15362
5697
30594
26249
15293
28127
15974
6464
508
3594
22387
13869
14002
25940
30248
23175
12266
27961
30474
9659
29236
10374
4272
2279
27989
6890
7957
1430
16686
30169
29983
14268
5869
30377
24683
18165
23155
12776
19291
6906
24582
18428
10594
28516
16952
16126
6543
8869
1047
32216
27480
23620
17302
9373
29097
26200
2107
15912
20525
22088
31243
1785
11996
24769
3251
17740
32709
29944
27384
28283
17182
31522
11872
5526
30089
21040
12066
24384
5289
26832
30795
30412
26085
3488
11315
16537
27515
21173
25888
17835
13257
8268
24120
5259
28376
21199
28844
4961
30251
12
12578
32591
12998
16305
14692
5392
3457
4874
27208
7889
21902
18431
12767
25423
18761
29513
8673
12851
11584
24052
25177
2474
7554
538
19597
4425
1325
29406
14896
26144
26674
19367
21707
29724
27500
670
29033
22690
18145
14954
17538
2666
3671
28459
31274
17049
31771
6837
32378
25378
10765
11278
575
22110
25840
28202
2018
9194
1520
14821
1175
14017
32373
3906
25034
4251
551
29155
27334
26245
31554
9416
29352
25281
13596
8524
16003
2016
26867
25949
32725
28958
6396
29947
27434
27646
26026
10996
14095
10022
18748
13534
3897
29309
25994
22101
18423
19587
20496
20342
24021
14576
2107
668
3474
7312
1012
13658
4164
6750
32363
2233
18378
11744
29989
1203
26482
32450
32585
21231
25836
10678
27431
1215
15727
31371
19977
87
23337
21388
29247
29008
9965
15899
20325
22621
4632
24719
30967
5708
9412
21834
12057
3648
23601
7967
32159
15149
25968
14051
5476
21653
81
28241
19401
24193
5775
9251
27787
16578
21306
1391
18891
16745
18022
22591
13912
32388
24850
2932
22079
17180
21851
2013
29077
21356
9954
32403
13699
3171
30586
12440
3988
29276
23574
27567
3899
2844
17906
14462
31144
7948
19457
30179
31692
15801
24728
23955
9899
8585
16216
11769
8674
20160
8033
30030
16504
2483
30133
14837
25577
75
21481
31769
22896
17085
12052
19593
7573
26503
6897
29907
12791
30382
17750
27808
29020
30775
15835
6224
3574
16868
21955
3286
9720
24625
9262
21717
6745
13966
31362
29435
5096
13022
21782
7582
25233
12335
5153
28566
8942
25788
2275
2650
22033
30496
8978
25950
22416
5853
19079
18092
24018
13325
12585
8385
28826
12903
10522
20906
465
13173
19233
32608
5272
21523
31064
3424
7822
31020
2582
26510
3935
1969
10015
7756
10893
9178
11531
4054
8067
21409
5876
6881
3031
8315
16996
5748
21471
5209
6013
2822
32120
11743
24938
26841
30995
10212
25350
14230
1280
12330
29644
31530
5887
26975
12543
18912
30724
21588
3866
20415
32331
31868
22394
15142
4509
936
24138
20134
26080
26881
31919
5152
6117
10054
6965
27936
6254
1607
22650
31865
4479
15266
6169
9505
12775
14014
1498
6734
2830
13317
22807
15570
27904
29542
25713
16820
27834
11786
15797
24080
181
10069
2569
29745
24497
29984
14939
32236
3524
23350
17419
12351
17314
22028
8663
5163
7214
12485
10503
4303
13378
16998
32475
8902
10427
11862
14898
15554
7881
17434
32123
3433
17013
23118
5345
9839
26483
16614
25778
16630
14378
9895
13329
6946
7938
3552
8157
11009
21997
11374
16864
8858
18488
21231
22588
339
12948
14150
30995
11912
11616
15951
7798
22889
3385
8420
5776
6676
17860
2064
9236
4084
15035
31890
23268
31066
11062
17814
1282
89
9020
4783
7100
14567
8074
3352
8468
3121
20386
11308
25965
3391
8727
26915
1405
29385
1816
11791
11375
12888
5436
7190
26199
30880
31885
1265
3804
31517
29655
13221
10272
24302
3122
24705
9715
12526
5837
27737
31033
11033
2302
16129
26521
17181
2695
25868
31592
15935
6699
18630
6100
18033
29810
8815
32085
15538
10424
31674
19025
17573
2172
25222
17422
17781
23783
9948
29661
23528
3740
16425
25733
31170
11199
13757
3053
11869
30792
9859
11534
21637
29834
19458
15897
8601
1534
5269
7908
20960
11861
12519
11163
28202
31934
12466
30628
26280
9589
2744
15570
32524
27532
11265
19150
18404
18686
27223
707
8500
241
30208
11081
595
2124
9915
10388
776
28793
16382
25822
25060
16508
2158
29970
994
26677
20638
17850
10558
14833
17676
23594
21395
5688
10073
30702
6456
13778
19145
8306
25052
15899
28667
27376
18528
2953
23529
1183
7668
24187
17955
19738
19062
22084
31304
3342
1543
26232
18629
5416
10223
12918
8914
20798
1715
31542
32169
7100
9589
2900
22793
23890
10892
19806
1260
17627
23396
30810
644
9105
6551
32411
7292
14704
7500
10950
4716
32231
26832
5919
29598
12486
12660
27418
1280
16228
14759
2846
20073
18960
22611
9884
11024
21946
10620
20560
31050
30179
9239
3287
17796
31426
4392
882
3200
28600
8224
15641
28884
30198
5238
7620
32672
18284
18564
1013
24719
28149
420
14985
3345
31426
20875
10433
27350
18948
229
27788
25998
7902
16178
19223
25568
9098
5088
9111
13225
6601
19626
20566
18806
18321
25904
8700
28484
27634
9175
24864
15991
18506
26596
527
280
2474
25812
30428
22099
7815
18174
19368
13872
17573
32108
31027
12433
23361
9462
6563
877
17790
20640
27541
25675
26898
11062
20322
6402
5425
11814
10931
15279
23993
27038
24135
17911
13984
6630
14852
16254
23451
1535
6973
11176
20496
25469
8514
4751
831
15266
9262
16709
25772
3516
23021
7499
29903
10945
21900
10066
7679
1576
19653
2353
24988
30730
20426
19238
9596
11385
24402
3153
11672
15393
3298
23150
3576
10782
4445
1234
8412
17180
1487
1705
19756
6581
10870
25710
10530
7175
26642
6315
17717
32405
30575
27635
11081
30817
23343
21533
24086
3142
6109
14018
25814
23451
22064
11001
12083
15878
23452
5714
23920
6813
1311
16656
14550
15940
12361
15788
26721
11074
16013
16263
11692
7718
7880
15598
13850
17369
2319
30803
19526
23812
22718
19658
30126
19109
12478
22978
18587
16365
22038
27142
1619
5468
27829
12788
17794
31008
638
16636
14566
30890
5269
16988
24122
8082
31465
26906
8550
10157
26114
9026
16357
30316
23308
28769
30838
25464
23077
30529
21254
1163
6883
14055
3293
31378
2858
28363
29961
31745
31788
6743
17672
6262
10689
7075
16825
29073
2025
29038
12421
25874
671
5216
27849
25653
7136
22398
10631
29771
5116
26606
11086
5273
2077
18413
1639
1397
13077
24846
11585
11423
15468
2485
23327
4830
16810
6612
9984
14043
1505
27364
19150
12610
29567
24358
27339
26135
23634
19483
26937
16214
9180
25665
4682
11470
16345
31760
11335
25919
15119
17973
14339
9395
9813
25358
28035
25626
9191
24422
16614
17961
30953
32370
31643
13684
20793
27404
13764
28618
8569
11310
15333
31441
21341
30898
11473
15843
10290
17992
23511
15656
32175
12216
17192
12788
24832
3674
4748
31843
7185
25299
9797
10802
10520
26897
29251
3809
14437
29577
11659
10503
13422
27056
18913
20725
28694
1464
957
27791
27454
11660
5741
9318
22926
782
24711
22042
22405
1936
1170
16368
31167
28305
20980
8623
8838
31673
542
20160
18845
2071
5623
28037
8776
2713
24455
24569
19359
16332
997
4490
30485
19670
355
9779
12612
31153
1527
18142
14587
24233
8685
1785
4234
8473
8907
8023
13645
7010
8837
31305
10615
3116
5858
19708
15392
10465
27950
14870
15250
12134
32289
14732
32208
21276
26127
16839
27496
8471
3410
28151
30843
14237
27893
7607
14346
27875
23458
18914
30082
16643
28366
2740
139
14145
15395
2853
5902
29311
1837
25986
6533
12542
10057
9550
30087
855
12747
27224
29331
23225
13423
26909
19740
19044
3074
17504
19414
6246
9041
31752
15168
31126
9810
27962
31602
5326
30097
8119
3113
10604
26078
23672
17168
29963
6197
18823
6225
13439
30190
1824
13660
23567
7462
2569
12791
25334
18796
12079
11142
15900
1200
17538
8861
26129
11369
786
19139
1099
5894
13930
14473
9120
26008
3373
6604
7
19901
20207
25670
20875
26576
29526
9820
11920
19790
22130
26147
24907
5004
1625
15027
19579
28311
26119
2993
15213
2156
8564
8984
14639
22617
12023
32071
19219
1715
23003
848
10856
10425
4671
7040
22900
24776
32307
15402
12214
11969
2064
27833
14682
31928
26136
24821
1532
13279
22351
6805
17057
26033
4505
15622
15091
21858
7445
32635
7613
28039
6329
26933
8359
28162
9262
17428
24371
24112
27374
29023
4343
3926
3228
3280
29468
15178
24227
2532
279
2910
17171
14177
22695
5010
4280
21799
25872
3577
18556
10300
11670
25196
5119
14611
25404
18030
18804
10269
2494
351
28863
17555
22476
8422
1485
20865
10889
10648
29747
9494
10308
4077
2058
3628
28277
1381
20489
11283
26363
26102
11493
9379
8341
20922
2534
25729
18078
16086
31434
21937
5133
4013
15070
14429
23981
31047
18779
2532
3993
17916
7935
9766
14842
16485
14572
3855
2309
21124
29893
1634
17455
9522
31238
26055
12467
19401
11429
24856
29511
18451
25831
7912
19738
29299
26756
21333
20498
4690
24830
18704
26179
13004
19263
1194
18611
32668
7282
28193
16717
13893
6179
11434
21539
30595
5018
8385
11240
1265
8820
10351
26029
14075
26755
6619
6108
14087
3304
8212
12402
18911
2671
26142
1665
13922
22827
15419
15077
5228
11603
9083
17478
4098
18267
27526
16974
27842
4438
20137
29740
21898
1419
14367
28233
17512
6743
8354
27466
3778
12099
11570
21574
25030
14181
31781
23625
15125
7420
19568
19209
10667
6727
27444
21223
25362
934
5004
3625
30919
16116
11414
32631
14829
25635
4543
12691
3377
17178
20820
21085
20220
19147
3398
25862
32736
3481
27198
26516
20285
24297
14561
1943
20019
17926
17765
16938
22221
16955
31061
2860
29547
7211
15264
22464
21104
16500
15080
10243
4653
24452
3594
27661
28942
20154
22249
24618
11779
26306
21376
15450
9522
23338
2344
21254
29915
18249
30246
31493
13963
27730
30072
24783
6276
23731
16608
6912
25452
4276
15666
7696
14390
8269
31963
27473
4686
7752
9395
5930
23049
20632
7940
658
4940
16888
18651
25552
29818
26823
1422
31345
29092
24355
25741
2698
2028
26693
17774
31535
21818
16157
9780
13364
18467
27182
2016
5923
29718
4267
5435
12158
21960
3283
30690
30262
5091
14218
1938
17515
2026
10553
16309
20838
7024
27623
10030
22484
17786
23192
5729
15941
13361
10726
1927
24293
28364
21982
23856
19065
31676
28957
19225
8861
22298
4396
19761
26428
17743
21528
22758
21328
19970
15189
13493
9436
27463
22485
8689
27686
14597
869
17618
15930
12456
9031
30402
26268
15625
12310
28388
29772
12954
32470
27879
15872
30678
1882
21001
14749
27112
9179
21614
17143
18842
1494
14499
11722
15489
23590
15726
16121
11879
26210
9689
26885
7929
29049
3454
26577
10162
31116
29460
6036
17927
27916
9530
8991
13780
19733
32132
25937
26630
9994
5571
6616
24970
9073
25498
14634
3702
9744
26174
7106
21879
15177
21133
16544
30587
20147
26962
21243
1951
26362
25559
19273
1882
25337
8876
18290
29419
29718
2743
30288
18945
20957
15485
12906
24746
25312
4528
10226
1151
22222
3321
8700
16909
28113
10246
23297
22149
26926
11223
27796
6568
24856
32582
14947
27629
31700
6101
29808
29941
16916
30909
3217
15922
3213
27699
15142
30162
18138
25341
28443
26098
917
9782
17694
27649
7603
18269
25121
31857
25376
31397
19730
32421
1180
18296
9177
3351
18134
15181
18323
26057
12487
2732
23566
5871
13136
19582
13957
13275
1559
15258
6044
7720
13727
10893
19615
12075
7846
5546
5111
19862
21187
32595
24814
15214
8768
646
23204
10288
18230
18347
12881
21311
28135
18332
11453
19090
5729
2293
31484
4507
2896
17311
15983
15482
27171
5784
21496
19299
30818
15364
17021
21068
16975
26489
26784
14556
16060
14983
17852
7824
29740
31623
31267
12079
23341
31398
23191
29553
31221
20785
13062
27115
30012
26403
5258
29758
4697
27372
19105
25729
26272
10116
21417
14059
12282
25776
30879
17349
4806
15764
24601
30095
14576
6522
14465
20338
3664
13026
21907
20454
5702
22730
23834
31652
5779
22079
24295
7374
4985
11300
29714
605
22807
2369
16756
19403
3582
11408
31077
3330
2840
7621
14515
22149
29883
26652
23267
28126
20745
17255
8619
16967
6027
22359
19375
27036
30221
1290
30332
12673
18108
25302
26562
4303
29567
22100
6614
1349
17043
30897
10088
10604
18538
12593
29313
3787
31428
12804
8896
10316
8463
17229
22229
20718
7676
2160
9534
15021
20067
11165
18497
20910
31066
7066
4395
24495
3472
18389
32455
31663
10223
1705
4897
4570
8050
4592
17532
4023
4676
17867
9617
148
12314
3502
8459
9778
15826
11183
25663
22957
3661
17935
21808
16559
27785
26377
12227
8918
13059
23259
9791
27490
3148
6163
8456
8995
6378
7708
31132
28322
30321
30216
19662
23695
25570
16799
16451
4203
32580
1193
22314
5494
22657
5241
12864
26075
21891
22971
22275
29210
9103
20606
23093
13495
12769
29317
2453
7713
29065
30666
28889
25829
22149
6484
21999
1555
22048
16955
2165
497
24202
23289
8311
8415
953
6899
2152
19594
23935
3143
28259
18773
21229
11736
30882
23556
20199
24471
22847
10155
6664
1301
7467
20438
21944
2630
21100
11002
21643
13976
24987
4380
19421
31284
13981
4800
6828
8596
5281
9236
8630
6982
12634
2141
26835
15358
29566
2466
3477
11490
28800
18584
14109
28690
1417
12495
2880
10103
10173
23834
24796
2510
18347
30788
11124
12789
25621
26096
23571
13428
10211
16337
13151
10063
12130
29452
16635
2059
20673
2538
3107
11262
974
28098
8579
9948
17645
11558
599
21375
3929
4685
12489
27382
19103
5569
21895
21970
18263
31049
15012
9132
10022
5913
6066
21755
19441
12601
27421
25365
10851
19763
23753
12930
7074
26624
26095
23433
2637
3637
14901
29941
5817
9322
11788
19752
3693
27627
5711
15715
21211
4002
23833
852
2913
17732
18407
19681
16000
20155
10991
25140
11867
26580
1472
6663
5235
27690
17691
1073
6306
16722
9744
30322
8021
20808
30301
26491
19214
8474
11779
17473
19737
20435
7722
11140
24973
2474
12599
15258
4743
15212
30763
24193
7843
4647
319
16421
7867
4888
13246
23278
18147
22487
11554
18061
24229
15041
23410
13576
19577
32678
20699
18948
20616
17588
3214
14419
19107
18340
13529
20926
10110
19235
32393
29971
20785
10371
15742
1650
16112
22947
23184
24021
10
1819
10914
22495
24096
26284
25349
29926
29352
30184
10000
12867
19362
23838
27389
2521
31641
1672
10245
17380
12508
13752
7615
1796
12286
11072
7350
21129
19852
8353
5706
20225
17165
10358
28105
8447
31552
16097
18125
10798
12689
5686
19673
25751
221
27623
12335
17455
15719
29104
21492
19108
13850
5891
27015
14697
14593
16054
29982
3584
30469
11499
30627
13447
8934
14656
14798
7302
26491
4408
29827
7160
4397
5866
21102
19607
1714
10216
1757
20333
27911
22642
30173
8856
4785
28380
10648
30044
32308
11069
4334
9840
15315
10073
17235
22658
18059
23249
17897
18700
10314
3977
3550
21851
11636
21082
15367
23004
18329
11257
19902
22442
31599
11816
16120
3157
30231
8475
22955
26613
9613
23853
11871
3440
28784
7364
29203
18696
26868
21121
15698
10536
5925
20396
26774
9583
13918
18144
477
32766
521
30451
6026
19710
28057
2600
21630
19574
25540
30104
10615
588
26886
25822
32680
14489
15699
32258
12442
22577
22811
2472
16194
17266
24964
19322
3684
8013
28643
5842
4135
13972
18555
27564
11001
25475
23675
10188
20390
11153
13106
6188
31924
31096
5781
30376
11009
8578
7923
8173
24480
7190
31222
3486
24304
8836
2270
24777
15614
6669
12794
2186
18206
31030
360
20734
708
4943
29965
26219
15784
30270
4055
6317
27418
18065
4146
27363
19107
17860
26057
15195
5085
28367
17023
4028
9109
21747
25260
20850
26143
12486
26780
1631
31480
18301
26438
20927
19874
6266
30793
18780
8125
32022
31020
27380
16482
9904
19415
15848
27845
9974
13901
27942
5642
28275
15788
25944
2151
27994
6246
17230
12156
17041
5057
7849
29679
9473
2189
31945
28236
29469
15142
30713
27420
5297
17065
26330
31811
6893
21370
4109
5023
19121
2294
13861
25311
32027
2678
1995
31904
591
10116
16435
29391
29318
18273
960
28219
6489
18359
17651
31609
26447
9883
15769
2301
5542
5062
18485
21110
26719
17685
9643
13674
14989
10814
31535
11026
16606
23508
5230
25464
11882
24958
13819
15823
10172
11124
3068
6674
12318
23354
277
16353
32042
14241
2452
22168
23694
26619
11999
10929
6175
21150
26395
15452
1057
15003
1310
21341
9173
30912
19607
5157
4164
27596
30332
21044
3403
31729
12725
7086
30952
19856
27655
14908
195
32560
28482
9510
18944
3775
7854
8366
30532
16909
24756
1711
14597
11910
201
29815
21527
15408
5536
23009
19061
16357
14224
9655
4684
2257
4931
2887
1870
32047
9376
7491
564
8768
9723
14814
17045
11148
32636
1061
5863
27996
17101
26267
28371
20087
32520
23320
17341
5405
30944
29668
916
11074
4878
25103
27095
13837
29438
29971
29416
7312
11706
20397
21909
22984
2328
19961
12004
13784
7456
22732
19487
17026
25024
8791
16161
14054
29875
2041
10463
1663
9134
5476
26169
20315
1741
25844
2819
31642
14142
22860
22351
12842
28204
27699
4862
29377
6127
3757
31622
31004
10098
22109
12293
17270
13796
29723
18311
22603
15010
12241
32148
10062
26468
26011
8446
8616
29863
16415
12521
25971
27227
11305
21531
6263
12495
16779
5765
20004
30169
7476
6419
5327
12873
26768
8113
1585
23440
2591
10654
30493
3501
15193
32757
8833
14681
32704
26232
27553
8819
14663
23200
5007
15022
21987
3299
32237
9337
21103
69
24806
27182
3782
31778
31851
13695
12059
15418
13483
4894
1692
2813
11221
3756
18247
12825
14098
13029
29452
27970
19133
14857
18980
19265
14821
31373
12977
10560
25861
23555
21911
13396
13314
24647
27802
7499
30566
3307
32184
27320
3292
16613
32713
5437
25323
17016
9301
23065
14327
4448
17078
28658
12405
18753
8303
2531
8302
8274
4811
21705
9271
20037
13753
23243
25711
26490
13288
31016
8505
30821
23582
21573
24763
27965
32734
30198
23767
4583
22330
524
3113
13858
26102
11552
25153
16883
7647
24991
8994
18003
14954
16151
26107
22040
4495
24513
8996
13089
21992
4174
26972
7110
1542
26102
5698
17534
1300
24255
11793
18898
6319
30731
11936
9859
18436
26469
31129
31223
22572
24973
12793
10986
25028
7105
10440
12882
15313
29518
13594
6802
14290
26456
4935
32484
27431
20710
10087
5888
418
1329
16144
6930
21867
20014
11859
3035
18457
25945
25589
11046
6414
23748
20714
12397
13587
8800
16152
1485
15157
2444
29513
6439
13023
1756
13937
3480
12089
2603
8739
22812
23488
8931
19534
6781
11814
23180
11836
13186
14700
29075
25292
29526
24126
27229
6127
23862
21647
3724
20321
22367
19061
23185
19113
20023
5191
31602
15956
6074
10740
19165
10349
9000
28071
30062
26177
16621
30617
14141
25937
3792
25398
23212
2967
21600
22899
25967
13054
23452
21615
8156
21532
4578
22600
25205
15410
32026
7488
21939
27238
20771
26385
4117
28735
12669
1422
15977
29026
27448
14971
16986
7819
13086
173
29499
18383
13341
28774
27923
25104
31223
15595
6633
7105
1068
1895
24913
23771
3368
772
10807
20000
20905
9799
6891
17296
25716
26029
17261
9768
23096
13188
7675
14562
22978
16651
4569
21737
23651
15565
25696
31005
10911
2619
17482
18631
24855
11913
23356
21918
2488
28362
4501
20730
5414
23375
28790
87
16483
17468
19986
4365
12996
21356
12344
10062
24598
18312
4382
17504
31500
3170
29295
24604
1004
11416
27288
20904
16250
22630
6224
25457
8740
32203
10342
11883
31600
11743
22991
6285
28068
19316
11247
4743
32180
16108
8999
28870
18288
11098
20385
31659
8686
24797
600
4871
16438
2105
23658
218
6701
17334
9378
22349
10692
16702
3905
30189
18529
31154
25613
4650
14477
6540
11933
24335
10208
20155
25827
12355
13610
30651
12282
13377
18147
28661
17202
8660
15829
30038
27993
29910
20488
25394
20556
5673
6126
15963
27327
2806
9167
20093
24649
1829
4472
16573
11187
32541
544
3986
10114
5310
29338
11235
6338
31643
17346
9058
10261
12412
32545
16424
29949
8212
9187
23953
12134
6399
2043
28250
25463
9471
6548
28666
25498
9592
3259
18237
31946
20265
16716
16935
24860
24877
27930
15112
29841
13105
22114
6364
26651
30455
10866
10469
20205
18700
15510
3468
6664
27845
14659
15988
9730
20352
6535
21983
18201
12057
25264
10055
32633
32683
32316
23349
19403
27784
13825
3172
12798
4219
8349
8731
32345
16701
2592
25544
23234
2613
9465
473
11336
12916
3870
4064
25336
27121
30592
11239
10206
31233
28590
20240
5465
5402
13768
881
26020
8649
679
31534
17314
7409
10314
17624
10730
28485
3204
6406
31763
21000
19428
32050
17985
7940
4325
14294
20208
10185
27479
20935
26368
28712
13325
8402
9218
26607
18632
6037
28865
32742
11364
22175
8212
13834
22337
15051
28132
29961
17396
25817
6777
25341
1071
30287
3081
31597
27118
32655
8835
4226
4324
23353
10648
3974
21541
29380
5387
9378
31764
10328
29498
6616
12431
25070
16877
3391
31578
29098
4447
23167
26314
22392
8587
21388
1202
6118
26041
9383
27027
9282
6728
32658
26623
4085
22717
27154
6222
3870
22028
19371
30853
31346
14119
5783
12419
21587
10181
10248
18029
2863
8052
15264
20316
29980
226
3629
26694
16561
32616
2985
810
22311
30424
9330
21632
27569
8584
9670
27872
13337
22686
12674
19185
1691
19103
12571
29077
22790
21555
24541
20050
23825
26427
18531
31748
13820
11285
20824
11713
872
18734
13676
19981
15735
31946
665
7743
7719
29968
31896
25139
5100
4697
32414
25649
31116
32698
14428
23838
3904
19920
25142
3297
28937
31691
17602
3864
1616
6845
12164
14333
9921
30501
15080
1426
28777
29879
29057
28948
2830
2158
15489
11423
21711
31957
12152
6430
13309
27793
3921
118
2616
7987
12426
24563
1230
13373
2227
20210
18000
18546
3882
19920
9590
355
18709
2323
32053
11062
7328
23768
18975
21689
18297
9340
4346
5544
5257
8846
19108
27452
11507
3317
20775
22261
8274
2398
2584
11176
48
9705
18997
13515
10946
6676
11838
9216
8427
23527
25876
28896
880
21857
10000
5899
4983
17955
22182
24173
21062
7515
1595
6610
7227
22516
24387
1965
23303
12027
9887
16677
11055
8789
23094
25441
4292
11167
9170
24341
5985
9574
7485
6733
31079
12936
8603
20601
10869
12778
10250
23738
24874
2652
25465
23148
31774
23241
9158
18420
24095
23203
13340
6091
7592
30350
12939
23499
9128
30027
7401
30393
5489
12520
3816
20
9725
12326
28024
17949
10857
11307
31583
6695
3500
20073
4887
21281
32663
13005
488
12897
31506
31276
16454
5811
32661
30956
877
10658
6629
19951
25659
29445
6161
28101
5965
32462
1196
28178
29278
271
17740
7484
15068
9293
30787
12889
31180
28170
28061
8537
20703
25997
22362
24432
3285
26868
3309
9159
28947
23677
32244
28771
30848
8209
12346
28501
1957
30482
25834
28707
19461
20070
16662
4471
17593
3268
5480
25350
12368
22846
8487
3011
23525
1040
27757
16454
3970
32168
5543
5495
5045
2037
11853
31615
3185
3572
739
27888
9511
19833
27185
7731
18981
16187
30654
14642
27438
26915
11667
28999
859
1750
2350
31589
25138
13441
1988
13957
29188
2020
32188
4180
30604
17314
23912
29211
1733
4295
18694
16878
10508
27290
3063
17433
28791
10406
22334
26823
29812
21251
23868
20980
29606
11498
10410
7574
5884
8569
19159
16391
4627
32450
15652
31414
7375
11035
4541
15119
564
16545
20377
28071
16522
15118
5557
4524
30386
9150
24972
6285
6850
26620
5338
24037
13800
17809
5779
17326
8573
31119
11038
16035
360
7514
24534
24309
30646
24056
9667
8499
19831
31131
30613
4980
3291
12141
9954
6854
18574
3483
11425
25819
3153
18852
6375
20978
13017
3812
32224
25348
7404
28508
29201
30769
1466
25283
1484
27498
28793
32723
18420
21343
27461
23501
13810
31403
9015
15438
13048
22334
1476
1878
25205
3595
27479
7574
473
20212
1842
2810
7563
5362
6274
14711
15655
5769
6337
4630
25340
29291
25425
14401
31430
25707
4694
19278
5032
3749
3285
23114
365
8940
522
30215
16640
30836
19982
3432
15401
22977
938
32748
18570
5839
6006
4729
32217
10115
26678
12907
16223
27218
8310
13021
5298
19248
11619
28726
11695
24251
18157
1528
11706
15784
17691
709
6714
11374
16046
18099
2127
23346
11513
30673
26070
18931
4352
14585
31135
7415
21968
3801
30445
28021
27678
7997
16431
25220
23331
13983
13566
7747
17079
16369
10071
19274
2732
6825
21530
22097
15213
31502
31427
8224
15320
16578
28775
13238
28760
28561
18929
19645
30535
13944
31134
14894
32387
12537
31671
26944
28238
20126
28302
9367
25963
3276
12732
21418
17015
28362
26777
18037
13957
24594
31740
22881
7422
27863
30516
32112
5303
31958
23623
28845
5715
31842
19306
13011
988
8106
6592
573
28061
11342
13143
27918
2114
